1	5000001	10000000	1	rgba(255, 140, 0, 0.28)
1	10000001	15000000	1	rgba(255, 140, 0, 0.13)
1	20000001	25000000	1	rgba(255, 140, 0, 0.56)
1	25000001	30000000	1	rgba(255, 140, 0, 0.44)
1	35000001	40000000	1	rgba(255, 140, 0, 0.96)
1	40000001	45000000	1	rgba(255, 140, 0, 0.98)
1	45000001	50000000	1	rgba(255, 140, 0, 0.93)
1	30000001	35000000	1	rgba(255, 140, 0, 0.45)
1	50000001	55000000	1	rgba(255, 140, 0, 0.77)
1	1	5000000	1	rgba(255, 140, 0, 0.66)
1	15000001	20000000	1	rgba(255, 140, 0, 0.42)
1	55000001	60000000	1	rgba(255, 140, 0, 0.22)
1	60000001	65000000	1	rgba(255, 140, 0, 0.76)
1	75000001	80000000	1	rgba(255, 140, 0, 0.9)
1	85000001	90000000	1	rgba(255, 140, 0, 0.97)
1	80000001	85000000	1	rgba(255, 140, 0, 0.92)
1	90000001	95000000	1	rgba(255, 140, 0, 0.92)
1	105000001	110000000	1	rgba(255, 140, 0, 0.03)
1	125000001	130000000	1	rgba(255, 140, 0, 0.58)
1	130000001	135000000	1	rgba(255, 140, 0, 0.97)
1	95000001	100000000	1	rgba(255, 140, 0, 0.49)
1	65000001	70000000	1	rgba(255, 140, 0, 0.97)
1	70000001	75000000	1	rgba(255, 140, 0, 0.22)
1	135000001	140000000	1	rgba(255, 140, 0, 0.96)
1	110000001	115000000	1	rgba(255, 140, 0, 0.72)
1	100000001	105000000	1	rgba(255, 140, 0, 0.99)
1	115000001	120000000	1	rgba(255, 140, 0, 0.81)
1	155000001	160000000	1	rgba(255, 140, 0, 0.34)
1	170000001	175000000	1	rgba(255, 140, 0, 0.25)
1	175000001	180000000	1	rgba(255, 140, 0, 0.73)
1	140000001	145000000	1	rgba(255, 140, 0, 0.93)
1	185000001	190000000	1	rgba(255, 140, 0, 0.84)
1	150000001	155000000	1	rgba(255, 140, 0, 0.19)
1	165000001	170000000	1	rgba(255, 140, 0, 0.92)
1	180000001	185000000	1	rgba(255, 140, 0, 0.39)
1	145000001	150000000	1	rgba(255, 140, 0, 0.54)
1	160000001	165000000	1	rgba(255, 140, 0, 0.93)
1	190000001	195000000	1	rgba(255, 140, 0, 0.77)
1	120000001	125000000	1	rgba(255, 140, 0, 0.19)
1	200000001	205000000	1	rgba(255, 140, 0, 0.28)
1	205000001	210000000	1	rgba(255, 140, 0, 0.56)
1	215000001	220000000	1	rgba(255, 140, 0, 0.35)
1	220000001	225000000	1	rgba(255, 140, 0, 0.7)
1	230000001	235000000	1	rgba(255, 140, 0, 0.91)
1	195000001	200000000	1	rgba(255, 140, 0, 0.78)
1	235000001	240000000	1	rgba(255, 140, 0, 0.48)
1	210000001	215000000	1	rgba(255, 140, 0, 0.29)
1	225000001	230000000	1	rgba(255, 140, 0, 0.14)
1	240000001	245000000	1	rgba(255, 140, 0, 0.15)
1	245000001	249250621	1	rgba(255, 140, 0, 0.92)
2	1	5000000	1	rgba(255, 140, 0, 0.42)
2	5000001	10000000	1	rgba(255, 140, 0, 0.08)
2	10000001	15000000	1	rgba(255, 140, 0, 0.98)
2	20000001	25000000	1	rgba(255, 140, 0, 0.18)
2	50000001	55000000	1	rgba(255, 140, 0, 0.77)
2	15000001	20000000	1	rgba(255, 140, 0, 0.03)
2	25000001	30000000	1	rgba(255, 140, 0, 0.09)
2	45000001	50000000	1	rgba(255, 140, 0, 0.55)
2	40000001	45000000	1	rgba(255, 140, 0, 0.87)
2	30000001	35000000	1	rgba(255, 140, 0, 0.46)
2	35000001	40000000	1	rgba(255, 140, 0, 0.86)
2	55000001	60000000	1	rgba(255, 140, 0, 0.99)
2	60000001	65000000	1	rgba(255, 140, 0, 0.52)
2	65000001	70000000	1	rgba(255, 140, 0, 0.94)
2	70000001	75000000	1	rgba(255, 140, 0, 0.48)
2	75000001	80000000	1	rgba(255, 140, 0, 0.31)
2	110000001	115000000	1	rgba(255, 140, 0, 0.59)
2	100000001	105000000	1	rgba(255, 140, 0, 0.41)
2	80000001	85000000	1	rgba(255, 140, 0, 0.29)
2	95000001	100000000	1	rgba(255, 140, 0, 0.44)
2	105000001	110000000	1	rgba(255, 140, 0, 0.88)
2	115000001	120000000	1	rgba(255, 140, 0, 0.16)
2	85000001	90000000	1	rgba(255, 140, 0, 0.47)
2	120000001	125000000	1	rgba(255, 140, 0, 0.11)
2	125000001	130000000	1	rgba(255, 140, 0, 0.66)
2	135000001	140000000	1	rgba(255, 140, 0, 0.65)
2	140000001	145000000	1	rgba(255, 140, 0, 0.57)
2	145000001	150000000	1	rgba(255, 140, 0, 0.54)
2	150000001	155000000	1	rgba(255, 140, 0, 0.13)
2	90000001	95000000	1	rgba(255, 140, 0, 0.57)
2	155000001	160000000	1	rgba(255, 140, 0, 0.35)
2	160000001	165000000	1	rgba(255, 140, 0, 0.68)
2	165000001	170000000	1	rgba(255, 140, 0, 0.71)
2	170000001	175000000	1	rgba(255, 140, 0, 0.92)
2	175000001	180000000	1	rgba(255, 140, 0, 0.89)
2	180000001	185000000	1	rgba(255, 140, 0, 0.61)
2	130000001	135000000	1	rgba(255, 140, 0, 0.86)
2	200000001	205000000	1	rgba(255, 140, 0, 0.19)
2	185000001	190000000	1	rgba(255, 140, 0, 0.1)
2	190000001	195000000	1	rgba(255, 140, 0, 0.66)
2	205000001	210000000	1	rgba(255, 140, 0, 0.85)
2	195000001	200000000	1	rgba(255, 140, 0, 0.32)
2	210000001	215000000	1	rgba(255, 140, 0, 0.32)
2	215000001	220000000	1	rgba(255, 140, 0, 0.6)
2	220000001	225000000	1	rgba(255, 140, 0, 0.02)
2	225000001	230000000	1	rgba(255, 140, 0, 0.89)
2	230000001	235000000	1	rgba(255, 140, 0, 0.42)
2	240000001	243199373	1	rgba(255, 140, 0, 0.95)
2	235000001	240000000	1	rgba(255, 140, 0, 0.32)
3	10000001	15000000	1	rgba(255, 140, 0, 0.35)
3	5000001	10000000	1	rgba(255, 140, 0, 0.29)
3	1	5000000	1	rgba(255, 140, 0, 0.62)
3	15000001	20000000	1	rgba(255, 140, 0, 0.69)
3	25000001	30000000	1	rgba(255, 140, 0, 0.91)
3	20000001	25000000	1	rgba(255, 140, 0, 0.67)
3	30000001	35000000	1	rgba(255, 140, 0, 0.92)
3	35000001	40000000	1	rgba(255, 140, 0, 0.11)
3	40000001	45000000	1	rgba(255, 140, 0, 0.73)
3	45000001	50000000	1	rgba(255, 140, 0, 0.85)
3	50000001	55000000	1	rgba(255, 140, 0, 0.36)
3	55000001	60000000	1	rgba(255, 140, 0, 0.76)
3	90000001	95000000	1	rgba(255, 140, 0, 0.96)
3	60000001	65000000	1	rgba(255, 140, 0, 0.67)
3	70000001	75000000	1	rgba(255, 140, 0, 0.49)
3	65000001	70000000	1	rgba(255, 140, 0, 0.33)
3	85000001	90000000	1	rgba(255, 140, 0, 0.86)
3	75000001	80000000	1	rgba(255, 140, 0, 0.41)
3	80000001	85000000	1	rgba(255, 140, 0, 0.85)
3	100000001	105000000	1	rgba(255, 140, 0, 0.71)
3	95000001	100000000	1	rgba(255, 140, 0, 0.94)
3	105000001	110000000	1	rgba(255, 140, 0, 0.81)
3	110000001	115000000	1	rgba(255, 140, 0, 0.29)
3	115000001	120000000	1	rgba(255, 140, 0, 0.14)
3	120000001	125000000	1	rgba(255, 140, 0, 0.3)
3	125000001	130000000	1	rgba(255, 140, 0, 0.1)
3	130000001	135000000	1	rgba(255, 140, 0, 0.15)
3	135000001	140000000	1	rgba(255, 140, 0, 0.03)
3	140000001	145000000	1	rgba(255, 140, 0, 0.77)
3	145000001	150000000	1	rgba(255, 140, 0, 0.13)
3	150000001	155000000	1	rgba(255, 140, 0, 0.61)
3	155000001	160000000	1	rgba(255, 140, 0, 0.19)
3	160000001	165000000	1	rgba(255, 140, 0, 0.94)
3	165000001	170000000	1	rgba(255, 140, 0, 0.62)
3	170000001	175000000	1	rgba(255, 140, 0, 0.17)
3	175000001	180000000	1	rgba(255, 140, 0, 0.62)
3	195000001	198022430	1	rgba(255, 140, 0, 0.38)
3	185000001	190000000	1	rgba(255, 140, 0, 0.37)
3	180000001	185000000	1	rgba(255, 140, 0, 0.79)
3	190000001	195000000	1	rgba(255, 140, 0, 0.27)
4	10000001	15000000	1	rgba(255, 140, 0, 0.41)
4	1	5000000	1	rgba(255, 140, 0, 0.27)
4	5000001	10000000	1	rgba(255, 140, 0, 0.52)
4	50000001	55000000	1	rgba(255, 140, 0, 0.0)
4	15000001	20000000	1	rgba(255, 140, 0, 0.53)
4	20000001	25000000	1	rgba(255, 140, 0, 0.6)
4	25000001	30000000	1	rgba(255, 140, 0, 0.19)
4	35000001	40000000	1	rgba(255, 140, 0, 0.67)
4	30000001	35000000	1	rgba(255, 140, 0, 0.4)
4	40000001	45000000	1	rgba(255, 140, 0, 0.89)
4	55000001	60000000	1	rgba(255, 140, 0, 0.37)
4	60000001	65000000	1	rgba(255, 140, 0, 0.47)
4	75000001	80000000	1	rgba(255, 140, 0, 0.35)
4	70000001	75000000	1	rgba(255, 140, 0, 0.34)
4	65000001	70000000	1	rgba(255, 140, 0, 0.71)
4	85000001	90000000	1	rgba(255, 140, 0, 0.35)
4	80000001	85000000	1	rgba(255, 140, 0, 0.87)
4	90000001	95000000	1	rgba(255, 140, 0, 0.2)
4	95000001	100000000	1	rgba(255, 140, 0, 0.63)
4	100000001	105000000	1	rgba(255, 140, 0, 0.13)
4	105000001	110000000	1	rgba(255, 140, 0, 0.8)
4	110000001	115000000	1	rgba(255, 140, 0, 0.04)
4	115000001	120000000	1	rgba(255, 140, 0, 0.36)
4	120000001	125000000	1	rgba(255, 140, 0, 0.97)
4	125000001	130000000	1	rgba(255, 140, 0, 0.63)
4	130000001	135000000	1	rgba(255, 140, 0, 0.93)
4	140000001	145000000	1	rgba(255, 140, 0, 0.5)
4	135000001	140000000	1	rgba(255, 140, 0, 0.77)
4	145000001	150000000	1	rgba(255, 140, 0, 0.34)
4	155000001	160000000	1	rgba(255, 140, 0, 0.67)
4	160000001	165000000	1	rgba(255, 140, 0, 0.39)
4	150000001	155000000	1	rgba(255, 140, 0, 0.74)
4	190000001	191154276	1	rgba(255, 140, 0, 0.16)
4	165000001	170000000	1	rgba(255, 140, 0, 0.48)
4	170000001	175000000	1	rgba(255, 140, 0, 0.9)
4	180000001	185000000	1	rgba(255, 140, 0, 0.09)
4	175000001	180000000	1	rgba(255, 140, 0, 0.19)
4	185000001	190000000	1	rgba(255, 140, 0, 0.89)
5	5000001	10000000	1	rgba(255, 140, 0, 0.42)
5	1	5000000	1	rgba(255, 140, 0, 0.62)
5	20000001	25000000	1	rgba(255, 140, 0, 0.54)
5	10000001	15000000	1	rgba(255, 140, 0, 0.66)
5	15000001	20000000	1	rgba(255, 140, 0, 0.01)
4	45000001	50000000	1	rgba(255, 140, 0, 0.83)
5	25000001	30000000	1	rgba(255, 140, 0, 0.84)
5	30000001	35000000	1	rgba(255, 140, 0, 0.95)
5	45000001	50000000	1	rgba(255, 140, 0, 0.95)
5	40000001	45000000	1	rgba(255, 140, 0, 0.57)
5	35000001	40000000	1	rgba(255, 140, 0, 0.24)
5	50000001	55000000	1	rgba(255, 140, 0, 0.75)
5	65000001	70000000	1	rgba(255, 140, 0, 0.83)
5	55000001	60000000	1	rgba(255, 140, 0, 0.56)
5	70000001	75000000	1	rgba(255, 140, 0, 0.02)
5	60000001	65000000	1	rgba(255, 140, 0, 0.76)
5	75000001	80000000	1	rgba(255, 140, 0, 0.33)
5	80000001	85000000	1	rgba(255, 140, 0, 0.5)
5	85000001	90000000	1	rgba(255, 140, 0, 0.04)
5	90000001	95000000	1	rgba(255, 140, 0, 0.2)
5	95000001	100000000	1	rgba(255, 140, 0, 0.2)
5	100000001	105000000	1	rgba(255, 140, 0, 0.46)
5	105000001	110000000	1	rgba(255, 140, 0, 0.97)
5	110000001	115000000	1	rgba(255, 140, 0, 0.13)
5	115000001	120000000	1	rgba(255, 140, 0, 0.2)
5	130000001	135000000	1	rgba(255, 140, 0, 0.71)
5	125000001	130000000	1	rgba(255, 140, 0, 0.09)
5	120000001	125000000	1	rgba(255, 140, 0, 0.0)
5	135000001	140000000	1	rgba(255, 140, 0, 0.83)
5	140000001	145000000	1	rgba(255, 140, 0, 0.32)
5	180000001	180915260	1	rgba(255, 140, 0, 1.0)
5	145000001	150000000	1	rgba(255, 140, 0, 0.44)
5	150000001	155000000	1	rgba(255, 140, 0, 0.84)
5	155000001	160000000	1	rgba(255, 140, 0, 0.23)
5	160000001	165000000	1	rgba(255, 140, 0, 0.63)
5	170000001	175000000	1	rgba(255, 140, 0, 0.6)
5	165000001	170000000	1	rgba(255, 140, 0, 0.92)
6	5000001	10000000	1	rgba(255, 140, 0, 0.2)
5	175000001	180000000	1	rgba(255, 140, 0, 0.06)
6	1	5000000	1	rgba(255, 140, 0, 0.96)
6	15000001	20000000	1	rgba(255, 140, 0, 0.73)
6	10000001	15000000	1	rgba(255, 140, 0, 0.29)
6	20000001	25000000	1	rgba(255, 140, 0, 0.67)
6	25000001	30000000	1	rgba(255, 140, 0, 0.1)
6	30000001	35000000	1	rgba(255, 140, 0, 0.41)
6	35000001	40000000	1	rgba(255, 140, 0, 0.85)
6	40000001	45000000	1	rgba(255, 140, 0, 0.26)
6	45000001	50000000	1	rgba(255, 140, 0, 0.92)
6	50000001	55000000	1	rgba(255, 140, 0, 0.79)
6	60000001	65000000	1	rgba(255, 140, 0, 0.18)
6	70000001	75000000	1	rgba(255, 140, 0, 0.85)
6	75000001	80000000	1	rgba(255, 140, 0, 0.52)
6	65000001	70000000	1	rgba(255, 140, 0, 0.12)
6	55000001	60000000	1	rgba(255, 140, 0, 0.68)
6	80000001	85000000	1	rgba(255, 140, 0, 0.3)
6	85000001	90000000	1	rgba(255, 140, 0, 0.09)
6	90000001	95000000	1	rgba(255, 140, 0, 0.93)
6	100000001	105000000	1	rgba(255, 140, 0, 0.62)
6	95000001	100000000	1	rgba(255, 140, 0, 0.1)
6	110000001	115000000	1	rgba(255, 140, 0, 0.11)
6	105000001	110000000	1	rgba(255, 140, 0, 0.84)
6	115000001	120000000	1	rgba(255, 140, 0, 0.71)
6	120000001	125000000	1	rgba(255, 140, 0, 0.22)
6	130000001	135000000	1	rgba(255, 140, 0, 0.45)
6	125000001	130000000	1	rgba(255, 140, 0, 0.98)
6	170000001	171115067	1	rgba(255, 140, 0, 0.55)
6	135000001	140000000	1	rgba(255, 140, 0, 0.07)
6	140000001	145000000	1	rgba(255, 140, 0, 0.35)
6	145000001	150000000	1	rgba(255, 140, 0, 0.62)
6	150000001	155000000	1	rgba(255, 140, 0, 0.7)
6	155000001	160000000	1	rgba(255, 140, 0, 0.71)
6	165000001	170000000	1	rgba(255, 140, 0, 0.26)
6	160000001	165000000	1	rgba(255, 140, 0, 0.42)
7	20000001	25000000	1	rgba(255, 140, 0, 0.55)
7	10000001	15000000	1	rgba(255, 140, 0, 0.15)
7	5000001	10000000	1	rgba(255, 140, 0, 0.18)
7	1	5000000	1	rgba(255, 140, 0, 0.29)
7	15000001	20000000	1	rgba(255, 140, 0, 0.61)
7	25000001	30000000	1	rgba(255, 140, 0, 0.17)
7	30000001	35000000	1	rgba(255, 140, 0, 0.87)
7	40000001	45000000	1	rgba(255, 140, 0, 0.58)
7	35000001	40000000	1	rgba(255, 140, 0, 0.13)
7	45000001	50000000	1	rgba(255, 140, 0, 0.43)
7	50000001	55000000	1	rgba(255, 140, 0, 0.8)
7	55000001	60000000	1	rgba(255, 140, 0, 0.83)
7	85000001	90000000	1	rgba(255, 140, 0, 0.74)
7	70000001	75000000	1	rgba(255, 140, 0, 0.36)
7	65000001	70000000	1	rgba(255, 140, 0, 0.56)
7	80000001	85000000	1	rgba(255, 140, 0, 0.68)
7	90000001	95000000	1	rgba(255, 140, 0, 0.87)
7	75000001	80000000	1	rgba(255, 140, 0, 0.01)
7	95000001	100000000	1	rgba(255, 140, 0, 0.9)
7	60000001	65000000	1	rgba(255, 140, 0, 0.43)
7	105000001	110000000	1	rgba(255, 140, 0, 0.02)
7	110000001	115000000	1	rgba(255, 140, 0, 0.21)
7	100000001	105000000	1	rgba(255, 140, 0, 0.6)
7	115000001	120000000	1	rgba(255, 140, 0, 0.17)
7	120000001	125000000	1	rgba(255, 140, 0, 0.89)
7	125000001	130000000	1	rgba(255, 140, 0, 0.58)
7	130000001	135000000	1	rgba(255, 140, 0, 0.92)
7	135000001	140000000	1	rgba(255, 140, 0, 0.26)
7	140000001	145000000	1	rgba(255, 140, 0, 0.0)
7	145000001	150000000	1	rgba(255, 140, 0, 0.94)
7	155000001	159138663	1	rgba(255, 140, 0, 0.71)
7	150000001	155000000	1	rgba(255, 140, 0, 0.8)
8	1	5000000	1	rgba(255, 140, 0, 0.81)
8	5000001	10000000	1	rgba(255, 140, 0, 0.58)
8	15000001	20000000	1	rgba(255, 140, 0, 0.33)
8	10000001	15000000	1	rgba(255, 140, 0, 0.96)
8	20000001	25000000	1	rgba(255, 140, 0, 0.86)
8	25000001	30000000	1	rgba(255, 140, 0, 0.2)
8	30000001	35000000	1	rgba(255, 140, 0, 0.92)
8	35000001	40000000	1	rgba(255, 140, 0, 0.29)
8	50000001	55000000	1	rgba(255, 140, 0, 0.15)
8	55000001	60000000	1	rgba(255, 140, 0, 0.06)
8	45000001	50000000	1	rgba(255, 140, 0, 0.34)
8	75000001	80000000	1	rgba(255, 140, 0, 0.4)
8	70000001	75000000	1	rgba(255, 140, 0, 0.17)
8	65000001	70000000	1	rgba(255, 140, 0, 0.22)
8	60000001	65000000	1	rgba(255, 140, 0, 0.04)
8	80000001	85000000	1	rgba(255, 140, 0, 1.0)
8	40000001	45000000	1	rgba(255, 140, 0, 0.77)
8	90000001	95000000	1	rgba(255, 140, 0, 0.95)
8	95000001	100000000	1	rgba(255, 140, 0, 0.89)
8	100000001	105000000	1	rgba(255, 140, 0, 0.47)
8	110000001	115000000	1	rgba(255, 140, 0, 0.9)
8	85000001	90000000	1	rgba(255, 140, 0, 0.55)
8	145000001	146364022	1	rgba(255, 140, 0, 0.68)
8	105000001	110000000	1	rgba(255, 140, 0, 0.1)
8	115000001	120000000	1	rgba(255, 140, 0, 0.86)
8	120000001	125000000	1	rgba(255, 140, 0, 0.2)
8	125000001	130000000	1	rgba(255, 140, 0, 0.17)
8	130000001	135000000	1	rgba(255, 140, 0, 0.16)
8	135000001	140000000	1	rgba(255, 140, 0, 0.58)
9	50000001	55000000	1	rgba(255, 140, 0, 0.17)
9	55000001	60000000	1	rgba(255, 140, 0, 0.54)
9	1	5000000	1	rgba(255, 140, 0, 0.53)
9	60000001	65000000	1	rgba(255, 140, 0, 0.34)
9	45000001	50000000	1	rgba(255, 140, 0, 0.13)
8	140000001	145000000	1	rgba(255, 140, 0, 0.06)
9	5000001	10000000	1	rgba(255, 140, 0, 0.62)
9	10000001	15000000	1	rgba(255, 140, 0, 0.18)
9	15000001	20000000	1	rgba(255, 140, 0, 0.99)
9	20000001	25000000	1	rgba(255, 140, 0, 0.95)
9	40000001	45000000	1	rgba(255, 140, 0, 0.82)
9	30000001	35000000	1	rgba(255, 140, 0, 0.96)
9	35000001	40000000	1	rgba(255, 140, 0, 0.2)
9	25000001	30000000	1	rgba(255, 140, 0, 0.24)
9	75000001	80000000	1	rgba(255, 140, 0, 0.86)
9	80000001	85000000	1	rgba(255, 140, 0, 0.86)
9	90000001	95000000	1	rgba(255, 140, 0, 0.69)
9	85000001	90000000	1	rgba(255, 140, 0, 0.07)
9	95000001	100000000	1	rgba(255, 140, 0, 0.14)
9	70000001	75000000	1	rgba(255, 140, 0, 0.47)
9	100000001	105000000	1	rgba(255, 140, 0, 0.87)
9	105000001	110000000	1	rgba(255, 140, 0, 0.43)
9	110000001	115000000	1	rgba(255, 140, 0, 0.24)
9	140000001	141213431	1	rgba(255, 140, 0, 0.88)
9	115000001	120000000	1	rgba(255, 140, 0, 0.42)
9	120000001	125000000	1	rgba(255, 140, 0, 0.67)
9	130000001	135000000	1	rgba(255, 140, 0, 0.74)
9	135000001	140000000	1	rgba(255, 140, 0, 0.85)
9	125000001	130000000	1	rgba(255, 140, 0, 0.02)
10	1	5000000	1	rgba(255, 140, 0, 0.12)
10	5000001	10000000	1	rgba(255, 140, 0, 0.43)
9	65000001	70000000	1	rgba(255, 140, 0, 0.63)
10	10000001	15000000	1	rgba(255, 140, 0, 0.33)
10	30000001	35000000	1	rgba(255, 140, 0, 0.78)
10	15000001	20000000	1	rgba(255, 140, 0, 0.14)
10	25000001	30000000	1	rgba(255, 140, 0, 0.16)
10	20000001	25000000	1	rgba(255, 140, 0, 0.16)
10	45000001	50000000	1	rgba(255, 140, 0, 0.46)
10	50000001	55000000	1	rgba(255, 140, 0, 0.44)
10	35000001	40000000	1	rgba(255, 140, 0, 0.3)
10	55000001	60000000	1	rgba(255, 140, 0, 0.2)
10	75000001	80000000	1	rgba(255, 140, 0, 0.56)
10	65000001	70000000	1	rgba(255, 140, 0, 0.59)
10	60000001	65000000	1	rgba(255, 140, 0, 0.22)
10	70000001	75000000	1	rgba(255, 140, 0, 0.71)
10	80000001	85000000	1	rgba(255, 140, 0, 0.71)
10	85000001	90000000	1	rgba(255, 140, 0, 0.39)
10	90000001	95000000	1	rgba(255, 140, 0, 0.7)
10	135000001	135534747	1	rgba(255, 140, 0, 0.23)
10	95000001	100000000	1	rgba(255, 140, 0, 0.06)
10	100000001	105000000	1	rgba(255, 140, 0, 0.32)
10	105000001	110000000	1	rgba(255, 140, 0, 0.88)
10	110000001	115000000	1	rgba(255, 140, 0, 0.29)
10	120000001	125000000	1	rgba(255, 140, 0, 0.84)
10	115000001	120000000	1	rgba(255, 140, 0, 0.64)
10	125000001	130000000	1	rgba(255, 140, 0, 0.19)
11	1	5000000	1	rgba(255, 140, 0, 0.76)
11	5000001	10000000	1	rgba(255, 140, 0, 0.84)
10	130000001	135000000	1	rgba(255, 140, 0, 0.33)
11	10000001	15000000	1	rgba(255, 140, 0, 0.89)
11	15000001	20000000	1	rgba(255, 140, 0, 0.33)
11	20000001	25000000	1	rgba(255, 140, 0, 0.59)
11	25000001	30000000	1	rgba(255, 140, 0, 0.42)
11	40000001	45000000	1	rgba(255, 140, 0, 0.72)
11	35000001	40000000	1	rgba(255, 140, 0, 0.04)
11	30000001	35000000	1	rgba(255, 140, 0, 0.95)
11	50000001	55000000	1	rgba(255, 140, 0, 0.32)
11	45000001	50000000	1	rgba(255, 140, 0, 0.8)
11	55000001	60000000	1	rgba(255, 140, 0, 0.48)
11	65000001	70000000	1	rgba(255, 140, 0, 0.12)
11	60000001	65000000	1	rgba(255, 140, 0, 0.18)
10	40000001	45000000	1	rgba(255, 140, 0, 0.22)
11	70000001	75000000	1	rgba(255, 140, 0, 0.33)
11	75000001	80000000	1	rgba(255, 140, 0, 0.41)
11	135000001	135006516	1	rgba(255, 140, 0, 0.58)
11	80000001	85000000	1	rgba(255, 140, 0, 0.69)
11	95000001	100000000	1	rgba(255, 140, 0, 0.15)
11	85000001	90000000	1	rgba(255, 140, 0, 0.83)
11	105000001	110000000	1	rgba(255, 140, 0, 0.39)
11	100000001	105000000	1	rgba(255, 140, 0, 0.55)
11	90000001	95000000	1	rgba(255, 140, 0, 0.97)
11	115000001	120000000	1	rgba(255, 140, 0, 0.22)
11	110000001	115000000	1	rgba(255, 140, 0, 0.8)
11	120000001	125000000	1	rgba(255, 140, 0, 0.43)
11	125000001	130000000	1	rgba(255, 140, 0, 0.24)
11	130000001	135000000	1	rgba(255, 140, 0, 0.29)
12	1	5000000	1	rgba(255, 140, 0, 0.36)
12	10000001	15000000	1	rgba(255, 140, 0, 0.57)
12	35000001	40000000	1	rgba(255, 140, 0, 0.18)
12	15000001	20000000	1	rgba(255, 140, 0, 0.18)
12	5000001	10000000	1	rgba(255, 140, 0, 0.63)
12	20000001	25000000	1	rgba(255, 140, 0, 0.26)
12	25000001	30000000	1	rgba(255, 140, 0, 0.37)
12	30000001	35000000	1	rgba(255, 140, 0, 0.76)
12	40000001	45000000	1	rgba(255, 140, 0, 0.19)
12	45000001	50000000	1	rgba(255, 140, 0, 0.87)
12	50000001	55000000	1	rgba(255, 140, 0, 0.13)
12	60000001	65000000	1	rgba(255, 140, 0, 0.58)
12	55000001	60000000	1	rgba(255, 140, 0, 0.01)
12	65000001	70000000	1	rgba(255, 140, 0, 0.32)
12	75000001	80000000	1	rgba(255, 140, 0, 0.33)
12	70000001	75000000	1	rgba(255, 140, 0, 0.67)
13	1	5000000	1	rgba(255, 140, 0, 0.67)
13	5000001	10000000	1	rgba(255, 140, 0, 0.08)
13	10000001	15000000	1	rgba(255, 140, 0, 0.32)
12	80000001	85000000	1	rgba(255, 140, 0, 0.74)
12	85000001	90000000	1	rgba(255, 140, 0, 0.75)
12	90000001	95000000	1	rgba(255, 140, 0, 0.55)
13	15000001	20000000	1	rgba(255, 140, 0, 0.89)
12	95000001	100000000	1	rgba(255, 140, 0, 0.13)
12	100000001	105000000	1	rgba(255, 140, 0, 0.71)
12	105000001	110000000	1	rgba(255, 140, 0, 0.36)
12	110000001	115000000	1	rgba(255, 140, 0, 0.96)
12	120000001	125000000	1	rgba(255, 140, 0, 0.34)
12	130000001	133851895	1	rgba(255, 140, 0, 0.87)
12	115000001	120000000	1	rgba(255, 140, 0, 0.14)
12	125000001	130000000	1	rgba(255, 140, 0, 0.9)
13	40000001	45000000	1	rgba(255, 140, 0, 0.18)
13	20000001	25000000	1	rgba(255, 140, 0, 0.46)
13	25000001	30000000	1	rgba(255, 140, 0, 0.97)
13	35000001	40000000	1	rgba(255, 140, 0, 0.93)
13	30000001	35000000	1	rgba(255, 140, 0, 0.32)
13	50000001	55000000	1	rgba(255, 140, 0, 0.64)
13	45000001	50000000	1	rgba(255, 140, 0, 0.6)
13	55000001	60000000	1	rgba(255, 140, 0, 0.92)
13	65000001	70000000	1	rgba(255, 140, 0, 0.51)
13	60000001	65000000	1	rgba(255, 140, 0, 0.64)
14	1	5000000	1	rgba(255, 140, 0, 0.08)
14	5000001	10000000	1	rgba(255, 140, 0, 0.65)
13	115000001	115169878	1	rgba(255, 140, 0, 0.79)
14	10000001	15000000	1	rgba(255, 140, 0, 0.14)
13	70000001	75000000	1	rgba(255, 140, 0, 0.52)
13	75000001	80000000	1	rgba(255, 140, 0, 0.53)
14	15000001	20000000	1	rgba(255, 140, 0, 0.34)
13	80000001	85000000	1	rgba(255, 140, 0, 0.59)
13	85000001	90000000	1	rgba(255, 140, 0, 0.48)
13	90000001	95000000	1	rgba(255, 140, 0, 0.42)
13	95000001	100000000	1	rgba(255, 140, 0, 0.32)
13	100000001	105000000	1	rgba(255, 140, 0, 0.52)
13	105000001	110000000	1	rgba(255, 140, 0, 0.9)
13	110000001	115000000	1	rgba(255, 140, 0, 0.57)
14	20000001	25000000	1	rgba(255, 140, 0, 0.61)
14	25000001	30000000	1	rgba(255, 140, 0, 0.91)
14	30000001	35000000	1	rgba(255, 140, 0, 0.15)
14	35000001	40000000	1	rgba(255, 140, 0, 0.79)
14	40000001	45000000	1	rgba(255, 140, 0, 0.19)
14	45000001	50000000	1	rgba(255, 140, 0, 0.75)
14	55000001	60000000	1	rgba(255, 140, 0, 0.26)
15	1	5000000	1	rgba(255, 140, 0, 0.56)
15	5000001	10000000	1	rgba(255, 140, 0, 0.83)
14	50000001	55000000	1	rgba(255, 140, 0, 0.01)
15	10000001	15000000	1	rgba(255, 140, 0, 0.09)
15	15000001	20000000	1	rgba(255, 140, 0, 0.91)
14	65000001	70000000	1	rgba(255, 140, 0, 0.59)
14	75000001	80000000	1	rgba(255, 140, 0, 0.9)
14	60000001	65000000	1	rgba(255, 140, 0, 0.17)
14	70000001	75000000	1	rgba(255, 140, 0, 0.8)
14	105000001	107349540	1	rgba(255, 140, 0, 0.83)
14	90000001	95000000	1	rgba(255, 140, 0, 0.91)
14	85000001	90000000	1	rgba(255, 140, 0, 0.33)
14	80000001	85000000	1	rgba(255, 140, 0, 0.67)
14	95000001	100000000	1	rgba(255, 140, 0, 0.41)
14	100000001	105000000	1	rgba(255, 140, 0, 0.75)
15	25000001	30000000	1	rgba(255, 140, 0, 0.67)
15	30000001	35000000	1	rgba(255, 140, 0, 0.53)
15	40000001	45000000	1	rgba(255, 140, 0, 0.07)
15	35000001	40000000	1	rgba(255, 140, 0, 0.93)
15	20000001	25000000	1	rgba(255, 140, 0, 0.48)
15	45000001	50000000	1	rgba(255, 140, 0, 0.32)
15	50000001	55000000	1	rgba(255, 140, 0, 0.3)
15	55000001	60000000	1	rgba(255, 140, 0, 0.8)
15	60000001	65000000	1	rgba(255, 140, 0, 0.79)
15	65000001	70000000	1	rgba(255, 140, 0, 0.21)
15	70000001	75000000	1	rgba(255, 140, 0, 0.8)
15	100000001	102531392	1	rgba(255, 140, 0, 0.66)
15	75000001	80000000	1	rgba(255, 140, 0, 0.57)
15	80000001	85000000	1	rgba(255, 140, 0, 0.45)
15	85000001	90000000	1	rgba(255, 140, 0, 0.29)
16	35000001	40000000	1	rgba(255, 140, 0, 0.12)
16	40000001	45000000	1	rgba(255, 140, 0, 0.59)
15	90000001	95000000	1	rgba(255, 140, 0, 0.38)
15	95000001	100000000	1	rgba(255, 140, 0, 0.1)
16	1	5000000	1	rgba(255, 140, 0, 0.42)
16	5000001	10000000	1	rgba(255, 140, 0, 0.37)
16	10000001	15000000	1	rgba(255, 140, 0, 0.13)
16	15000001	20000000	1	rgba(255, 140, 0, 0.36)
16	20000001	25000000	1	rgba(255, 140, 0, 0.88)
16	90000001	90354753	1	rgba(255, 140, 0, 0.42)
16	25000001	30000000	1	rgba(255, 140, 0, 0.12)
16	50000001	55000000	1	rgba(255, 140, 0, 0.02)
16	60000001	65000000	1	rgba(255, 140, 0, 0.01)
16	55000001	60000000	1	rgba(255, 140, 0, 0.81)
16	65000001	70000000	1	rgba(255, 140, 0, 0.15)
16	70000001	75000000	1	rgba(255, 140, 0, 0.36)
16	75000001	80000000	1	rgba(255, 140, 0, 0.4)
16	80000001	85000000	1	rgba(255, 140, 0, 0.54)
16	85000001	90000000	1	rgba(255, 140, 0, 0.21)
17	1	5000000	1	rgba(255, 140, 0, 0.34)
17	5000001	10000000	1	rgba(255, 140, 0, 0.71)
16	30000001	35000000	1	rgba(255, 140, 0, 0.63)
17	10000001	15000000	1	rgba(255, 140, 0, 0.92)
17	15000001	20000000	1	rgba(255, 140, 0, 0.3)
17	20000001	25000000	1	rgba(255, 140, 0, 0.78)
17	30000001	35000000	1	rgba(255, 140, 0, 0.6)
17	25000001	30000000	1	rgba(255, 140, 0, 0.1)
17	35000001	40000000	1	rgba(255, 140, 0, 0.56)
17	40000001	45000000	1	rgba(255, 140, 0, 0.11)
17	80000001	81195210	1	rgba(255, 140, 0, 0.88)
17	50000001	55000000	1	rgba(255, 140, 0, 0.95)
17	45000001	50000000	1	rgba(255, 140, 0, 0.01)
17	55000001	60000000	1	rgba(255, 140, 0, 0.51)
17	60000001	65000000	1	rgba(255, 140, 0, 0.66)
17	75000001	80000000	1	rgba(255, 140, 0, 0.26)
17	65000001	70000000	1	rgba(255, 140, 0, 0.38)
16	45000001	50000000	1	rgba(255, 140, 0, 0.15)
17	70000001	75000000	1	rgba(255, 140, 0, 0.87)
18	5000001	10000000	1	rgba(255, 140, 0, 0.33)
18	20000001	25000000	1	rgba(255, 140, 0, 0.52)
18	30000001	35000000	1	rgba(255, 140, 0, 0.48)
18	10000001	15000000	1	rgba(255, 140, 0, 0.97)
18	1	5000000	1	rgba(255, 140, 0, 0.68)
18	15000001	20000000	1	rgba(255, 140, 0, 0.48)
18	25000001	30000000	1	rgba(255, 140, 0, 0.34)
18	35000001	40000000	1	rgba(255, 140, 0, 0.76)
18	40000001	45000000	1	rgba(255, 140, 0, 0.13)
18	75000001	78077248	1	rgba(255, 140, 0, 0.67)
18	45000001	50000000	1	rgba(255, 140, 0, 0.01)
18	50000001	55000000	1	rgba(255, 140, 0, 0.64)
18	55000001	60000000	1	rgba(255, 140, 0, 0.38)
18	60000001	65000000	1	rgba(255, 140, 0, 0.44)
19	5000001	10000000	1	rgba(255, 140, 0, 0.44)
18	70000001	75000000	1	rgba(255, 140, 0, 0.81)
18	65000001	70000000	1	rgba(255, 140, 0, 0.42)
19	1	5000000	1	rgba(255, 140, 0, 0.63)
19	10000001	15000000	1	rgba(255, 140, 0, 0.56)
19	15000001	20000000	1	rgba(255, 140, 0, 0.9)
19	25000001	30000000	1	rgba(255, 140, 0, 0.71)
19	30000001	35000000	1	rgba(255, 140, 0, 0.27)
19	20000001	25000000	1	rgba(255, 140, 0, 0.54)
19	40000001	45000000	1	rgba(255, 140, 0, 0.56)
19	35000001	40000000	1	rgba(255, 140, 0, 0.18)
19	55000001	59128983	1	rgba(255, 140, 0, 0.03)
19	50000001	55000000	1	rgba(255, 140, 0, 0.65)
20	10000001	15000000	1	rgba(255, 140, 0, 0.36)
19	45000001	50000000	1	rgba(255, 140, 0, 0.96)
20	1	5000000	1	rgba(255, 140, 0, 0.71)
20	5000001	10000000	1	rgba(255, 140, 0, 0.85)
21	1	5000000	1	rgba(255, 140, 0, 0.2)
20	15000001	20000000	1	rgba(255, 140, 0, 0.04)
20	60000001	63025520	1	rgba(255, 140, 0, 0.16)
21	5000001	10000000	1	rgba(255, 140, 0, 0.54)
20	25000001	30000000	1	rgba(255, 140, 0, 0.14)
20	20000001	25000000	1	rgba(255, 140, 0, 0.11)
20	35000001	40000000	1	rgba(255, 140, 0, 0.87)
20	30000001	35000000	1	rgba(255, 140, 0, 0.32)
20	45000001	50000000	1	rgba(255, 140, 0, 0.29)
22	1	5000000	1	rgba(255, 140, 0, 0.59)
22	5000001	10000000	1	rgba(255, 140, 0, 0.51)
22	10000001	15000000	1	rgba(255, 140, 0, 0.45)
20	50000001	55000000	1	rgba(255, 140, 0, 0.39)
20	55000001	60000000	1	rgba(255, 140, 0, 0.47)
20	40000001	45000000	1	rgba(255, 140, 0, 0.62)
21	45000001	48129895	1	rgba(255, 140, 0, 0.55)
21	15000001	20000000	1	rgba(255, 140, 0, 0.56)
21	40000001	45000000	1	rgba(255, 140, 0, 0.65)
21	25000001	30000000	1	rgba(255, 140, 0, 0.02)
21	20000001	25000000	1	rgba(255, 140, 0, 0.35)
21	30000001	35000000	1	rgba(255, 140, 0, 0.6)
21	35000001	40000000	1	rgba(255, 140, 0, 0.37)
21	10000001	15000000	1	rgba(255, 140, 0, 0.07)
22	50000001	51304566	1	rgba(255, 140, 0, 0.54)
22	30000001	35000000	1	rgba(255, 140, 0, 0.24)
22	15000001	20000000	1	rgba(255, 140, 0, 0.75)
22	20000001	25000000	1	rgba(255, 140, 0, 0.41)
22	25000001	30000000	1	rgba(255, 140, 0, 0.31)
X	1	5000000	1	rgba(255, 140, 0, 0.94)
X	5000001	10000000	1	rgba(255, 140, 0, 0.23)
X	10000001	15000000	1	rgba(255, 140, 0, 0.39)
X	15000001	20000000	1	rgba(255, 140, 0, 0.8)
22	40000001	45000000	1	rgba(255, 140, 0, 0.26)
22	35000001	40000000	1	rgba(255, 140, 0, 0.64)
22	45000001	50000000	1	rgba(255, 140, 0, 0.65)
X	20000001	25000000	1	rgba(255, 140, 0, 0.57)
X	30000001	35000000	1	rgba(255, 140, 0, 0.17)
X	25000001	30000000	1	rgba(255, 140, 0, 0.3)
X	35000001	40000000	1	rgba(255, 140, 0, 0.04)
X	40000001	45000000	1	rgba(255, 140, 0, 0.56)
X	45000001	50000000	1	rgba(255, 140, 0, 0.73)
X	50000001	55000000	1	rgba(255, 140, 0, 0.01)
X	70000001	75000000	1	rgba(255, 140, 0, 0.22)
X	75000001	80000000	1	rgba(255, 140, 0, 0.51)
X	80000001	85000000	1	rgba(255, 140, 0, 0.09)
X	55000001	60000000	1	rgba(255, 140, 0, 0.23)
X	90000001	95000000	1	rgba(255, 140, 0, 0.59)
X	65000001	70000000	1	rgba(255, 140, 0, 0.25)
X	100000001	105000000	1	rgba(255, 140, 0, 0.04)
X	85000001	90000000	1	rgba(255, 140, 0, 0.93)
X	95000001	100000000	1	rgba(255, 140, 0, 0.41)
X	60000001	65000000	1	rgba(255, 140, 0, 0.36)
X	155000001	155270560	1	rgba(255, 140, 0, 0.83)
X	105000001	110000000	1	rgba(255, 140, 0, 0.95)
X	110000001	115000000	1	rgba(255, 140, 0, 0.37)
X	115000001	120000000	1	rgba(255, 140, 0, 0.06)
X	120000001	125000000	1	rgba(255, 140, 0, 0.97)
X	125000001	130000000	1	rgba(255, 140, 0, 0.64)
X	140000001	145000000	1	rgba(255, 140, 0, 0.33)
Y	30000001	35000000	1	rgba(255, 140, 0, 0.33)
X	145000001	150000000	1	rgba(255, 140, 0, 0.56)
Y	35000001	40000000	1	rgba(255, 140, 0, 0.18)
Y	40000001	45000000	1	rgba(255, 140, 0, 0.57)
Y	45000001	50000000	1	rgba(255, 140, 0, 0.91)
Y	50000001	55000000	1	rgba(255, 140, 0, 0.92)
X	130000001	135000000	1	rgba(255, 140, 0, 0.17)
X	150000001	155000000	1	rgba(255, 140, 0, 0.56)
X	135000001	140000000	1	rgba(255, 140, 0, 0.02)
Y	1	5000000	1	rgba(255, 140, 0, 0.5)
Y	5000001	10000000	1	rgba(255, 140, 0, 0.71)
Y	15000001	20000000	1	rgba(255, 140, 0, 0.75)
Y	25000001	30000000	1	rgba(255, 140, 0, 0.15)
Y	20000001	25000000	1	rgba(255, 140, 0, 0.32)
Y	10000001	15000000	1	rgba(255, 140, 0, 0.62)
Y	55000001	59373566	1	rgba(255, 140, 0, 0.07)
