ChrName	Start	End	Value	Color	Label
1	5000001	10000000	0.0523635988509		
1	10000001	15000000	0.0871866775226		
1	20000001	25000000	0.40724176367		
1	25000001	30000000	0.107700234938		
1	35000001	40000000	0.901198877952		
1	40000001	45000000	0.0381536661023		
1	45000001	50000000	0.536202040034		
1	30000001	35000000	0.33219769851		
1	50000001	55000000	0.852086618929		
1	1	5000000	0.159662396722		
1	15000001	20000000	0.337216657109		
1	55000001	60000000	0.333796394629		
1	60000001	65000000	0.245163352518		
1	75000001	80000000	0.00167055357922		
1	85000001	90000000	0.436275793415		
1	80000001	85000000	0.0876134997504		
1	90000001	95000000	0.597599464488		
1	105000001	110000000	0.0698769614592		
1	125000001	130000000	0.315458973736		
1	130000001	135000000	0.448321708307		
1	95000001	100000000	0.905398652284		
1	65000001	70000000	0.0927645613785		
1	70000001	75000000	0.142175064432		
1	135000001	140000000	0.790071844359		
1	110000001	115000000	0.021235974817		
1	100000001	105000000	0.91115054809		
1	115000001	120000000	0.573408085681		
1	155000001	160000000	0.265321705262		
1	170000001	175000000	0.837837644195		
1	175000001	180000000	0.76879474748		
1	140000001	145000000	0.343462158156		
1	185000001	190000000	0.801496591292		
1	150000001	155000000	0.206862470666		
1	165000001	170000000	0.608902526191		
1	180000001	185000000	0.527074952161		
1	145000001	150000000	0.809338524644		
1	160000001	165000000	0.315263152216		
1	190000001	195000000	0.398238151468		
1	120000001	125000000	0.769279089914		
1	200000001	205000000	0.512752133864		
1	205000001	210000000	0.684837218661		
1	215000001	220000000	0.638353264305		
1	220000001	225000000	0.666657631073		
1	230000001	235000000	0.890098570537		
1	195000001	200000000	0.486136470144		
1	235000001	240000000	0.668470221903		
1	210000001	215000000	0.374521631822		
1	225000001	230000000	0.0318413067411		
1	240000001	245000000	0.754173171859		
1	245000001	249250621	0.181464915915		
2	1	5000000	0.820190184434		
2	5000001	10000000	0.913645911864		
2	10000001	15000000	0.658074157401		
2	20000001	25000000	0.170126887671		
2	50000001	55000000	0.336916152792		
2	15000001	20000000	0.391193307071		
2	25000001	30000000	0.0732907781237		
2	45000001	50000000	0.456767070201		
2	40000001	45000000	0.573168514511		
2	30000001	35000000	0.33610609931		
2	35000001	40000000	0.189061869578		
2	55000001	60000000	0.0881572949261		
2	60000001	65000000	0.628317522731		
2	65000001	70000000	0.0128291092526		
2	70000001	75000000	0.351913683098		
2	75000001	80000000	0.22912976448		
2	110000001	115000000	0.531997490682		
2	100000001	105000000	0.723663351119		
2	80000001	85000000	0.909153275637		
2	95000001	100000000	0.638800839243		
2	105000001	110000000	0.991793099752		
2	115000001	120000000	0.964059172304		
2	85000001	90000000	0.629990709724		
2	120000001	125000000	0.233373184086		
2	125000001	130000000	0.483811482643		
2	135000001	140000000	0.177589730574		
2	140000001	145000000	0.991957772794		
2	145000001	150000000	0.444499920149		
2	150000001	155000000	0.751650158028		
2	90000001	95000000	0.0441298560064		
2	155000001	160000000	0.134727600637		
2	160000001	165000000	0.193176970042		
2	165000001	170000000	0.256362347297		
2	170000001	175000000	0.35204753045		
2	175000001	180000000	0.271929852327		
2	180000001	185000000	0.434268583613		
2	130000001	135000000	0.420357316735		
2	200000001	205000000	0.108620834482		
2	185000001	190000000	0.0626087748283		
2	190000001	195000000	0.355061446928		
2	205000001	210000000	0.0887889048674		
2	195000001	200000000	0.433200313877		
2	210000001	215000000	0.00856121477287		
2	215000001	220000000	0.535801018607		
2	220000001	225000000	0.0734839927151		
2	225000001	230000000	0.694205914699		
2	230000001	235000000	0.404207267084		
2	240000001	243199373	0.985348174888		
2	235000001	240000000	0.262540019719		
3	10000001	15000000	0.472510740407		
3	5000001	10000000	0.750814941239		
3	1	5000000	0.334830540523		
3	15000001	20000000	0.348367020665		
3	25000001	30000000	0.639127937228		
3	20000001	25000000	0.969686077266		
3	30000001	35000000	0.883880138123		
3	35000001	40000000	0.419037819387		
3	40000001	45000000	0.717717907352		
3	45000001	50000000	0.679051951647		
3	50000001	55000000	0.372109619295		
3	55000001	60000000	0.234963437498		
3	90000001	95000000	0.0783764781412		
3	60000001	65000000	0.878908936884		
3	70000001	75000000	0.0571592134093		
3	65000001	70000000	0.518696124756		
3	85000001	90000000	0.537536377506		
3	75000001	80000000	0.146139233662		
3	80000001	85000000	0.655931716952		
3	100000001	105000000	0.915823193574		
3	95000001	100000000	0.776132969824		
3	105000001	110000000	0.389259266619		
3	110000001	115000000	0.126469958834		
3	115000001	120000000	0.974929566217		
3	120000001	125000000	0.517103486654		
3	125000001	130000000	0.629617625228		
3	130000001	135000000	0.802276645521		
3	135000001	140000000	0.386246162893		
3	140000001	145000000	0.0620557646555		
3	145000001	150000000	0.136015791109		
3	150000001	155000000	0.668447137033		
3	155000001	160000000	0.34953968562		
3	160000001	165000000	0.871077207762		
3	165000001	170000000	0.740164508821		
3	170000001	175000000	0.98043914669		
3	175000001	180000000	0.668834354364		
3	195000001	198022430	0.303805779137		
3	185000001	190000000	0.791109157907		
3	180000001	185000000	0.0282580342783		
3	190000001	195000000	0.521590771711		
4	10000001	15000000	0.8713946679		
4	1	5000000	0.514719140206		
4	5000001	10000000	0.137371497926		
4	50000001	55000000	0.500122510677		
4	15000001	20000000	0.545457741069		
4	20000001	25000000	0.36900054831		
4	25000001	30000000	0.893433560209		
4	35000001	40000000	0.340080850518		
4	30000001	35000000	0.271751388385		
4	40000001	45000000	0.506301486814		
4	55000001	60000000	0.203272051264		
4	60000001	65000000	0.322057226781		
4	75000001	80000000	0.398170180939		
4	70000001	75000000	0.938262488697		
4	65000001	70000000	0.0803618129799		
4	85000001	90000000	0.197094868907		
4	80000001	85000000	0.199499344514		
4	90000001	95000000	0.995265013658		
4	95000001	100000000	0.890808701643		
4	100000001	105000000	0.194163294645		
4	105000001	110000000	0.564624490074		
4	110000001	115000000	0.0851000294097		
4	115000001	120000000	0.31702820274		
4	120000001	125000000	0.341144245524		
4	125000001	130000000	0.537681997817		
4	130000001	135000000	0.929374321479		
4	140000001	145000000	0.809019430991		
4	135000001	140000000	0.534183413799		
4	145000001	150000000	0.786080054208		
4	155000001	160000000	0.483959037753		
4	160000001	165000000	0.730560328054		
4	150000001	155000000	0.776954442473		
4	190000001	191154276	0.256851738049		
4	165000001	170000000	0.832777044387		
4	170000001	175000000	0.577944173419		
4	180000001	185000000	0.486119958315		
4	175000001	180000000	0.39581331547		
4	185000001	190000000	0.224149807098		
5	5000001	10000000	0.501257553138		
5	1	5000000	0.126106229497		
5	20000001	25000000	0.634782753929		
5	10000001	15000000	0.898268251075		
5	15000001	20000000	0.790526029477		
4	45000001	50000000	0.609157785552		
5	25000001	30000000	0.49447442102		
5	30000001	35000000	0.695782174055		
5	45000001	50000000	0.122316320921		
5	40000001	45000000	0.0524353709865		
5	35000001	40000000	0.861647072887		
5	50000001	55000000	0.361841074807		
5	65000001	70000000	0.66894729328		
5	55000001	60000000	0.420761669543		
5	70000001	75000000	0.358670556669		
5	60000001	65000000	0.770285967358		
5	75000001	80000000	0.343033282544		
5	80000001	85000000	0.753713959399		
5	85000001	90000000	0.820478126385		
5	90000001	95000000	0.180676053333		
5	95000001	100000000	0.977230443106		
5	100000001	105000000	0.0624421897652		
5	105000001	110000000	0.414727355356		
5	110000001	115000000	0.500474797677		
5	115000001	120000000	0.82935773525		
5	130000001	135000000	0.174878678145		
5	125000001	130000000	0.559030468586		
5	120000001	125000000	0.368517190733		
5	135000001	140000000	0.92168284428		
5	140000001	145000000	0.122326790603		
5	180000001	180915260	0.265416067115		
5	145000001	150000000	0.819802586775		
5	150000001	155000000	0.322234012596		
5	155000001	160000000	0.944221052383		
5	160000001	165000000	0.051603917673		
5	170000001	175000000	0.388418155152		
5	165000001	170000000	0.107465903949		
6	5000001	10000000	0.573530322057		
5	175000001	180000000	0.963124578493		
6	1	5000000	0.324695134481		
6	15000001	20000000	0.646835837107		
6	10000001	15000000	0.26591431976		
6	20000001	25000000	0.439221662006		
6	25000001	30000000	0.571521105946		
6	30000001	35000000	0.248413309073		
6	35000001	40000000	0.69046827		
6	40000001	45000000	0.500995811633		
6	45000001	50000000	0.905463195764		
6	50000001	55000000	0.27502127243		
6	60000001	65000000	0.954854630297		
6	70000001	75000000	0.182205834414		
6	75000001	80000000	0.0199122237274		
6	65000001	70000000	0.660204660121		
6	55000001	60000000	0.733762518554		
6	80000001	85000000	0.477321755403		
6	85000001	90000000	0.0427600701921		
6	90000001	95000000	0.998134229644		
6	100000001	105000000	0.141551757796		
6	95000001	100000000	0.870467255784		
6	110000001	115000000	0.891532629294		
6	105000001	110000000	0.220857006294		
6	115000001	120000000	0.863939017297		
6	120000001	125000000	0.463406320692		
6	130000001	135000000	0.899582526901		
6	125000001	130000000	0.887523409735		
6	170000001	171115067	0.774297445606		
6	135000001	140000000	0.288710241808		
6	140000001	145000000	0.580104827143		
6	145000001	150000000	0.981313556537		
6	150000001	155000000	0.320623366012		
6	155000001	160000000	0.386500874367		
6	165000001	170000000	0.687989308594		
6	160000001	165000000	0.0626356443136		
7	20000001	25000000	0.253361949959		
7	10000001	15000000	0.168020375039		
7	5000001	10000000	0.416056710166		
7	1	5000000	0.42497647586		
7	15000001	20000000	0.607058547534		
7	25000001	30000000	0.49680968876		
7	30000001	35000000	0.164769539224		
7	40000001	45000000	0.0466210713197		
7	35000001	40000000	0.524772198244		
7	45000001	50000000	0.763856684689		
7	50000001	55000000	0.926893901313		
7	55000001	60000000	0.839638324038		
7	85000001	90000000	0.30275280401		
7	70000001	75000000	0.865673243078		
7	65000001	70000000	0.46739154476		
7	80000001	85000000	0.282447029112		
7	90000001	95000000	0.092158728117		
7	75000001	80000000	0.442712415851		
7	95000001	100000000	0.54496135978		
7	60000001	65000000	0.279299369509		
7	105000001	110000000	0.195298824614		
7	110000001	115000000	0.940890468077		
7	100000001	105000000	0.0677749189398		
7	115000001	120000000	0.93939225668		
7	120000001	125000000	0.406412957592		
7	125000001	130000000	0.791517790024		
7	130000001	135000000	0.11094804898		
7	135000001	140000000	0.570007640367		
7	140000001	145000000	0.761696224318		
7	145000001	150000000	0.436011728028		
7	155000001	159138663	0.356466242327		
7	150000001	155000000	0.493218810369		
8	1	5000000	0.194459914637		
8	5000001	10000000	0.211630053646		
8	15000001	20000000	0.241311527583		
8	10000001	15000000	0.0375566575265		
8	20000001	25000000	0.910024130405		
8	25000001	30000000	0.0734399214659		
8	30000001	35000000	0.927138120129		
8	35000001	40000000	0.0109561339931		
8	50000001	55000000	0.65621344985		
8	55000001	60000000	0.546927631124		
8	45000001	50000000	0.0418417001119		
8	75000001	80000000	0.941466772903		
8	70000001	75000000	0.730769260874		
8	65000001	70000000	0.879131196833		
8	60000001	65000000	0.435663839421		
8	80000001	85000000	0.291383169049		
8	40000001	45000000	0.185927952112		
8	90000001	95000000	0.112719493229		
8	95000001	100000000	0.670949851297		
8	100000001	105000000	0.821796792185		
8	110000001	115000000	0.212011110153		
8	85000001	90000000	0.0259662922372		
8	145000001	146364022	0.361532813207		
8	105000001	110000000	0.152874674394		
8	115000001	120000000	0.224933977532		
8	120000001	125000000	0.222049687136		
8	125000001	130000000	0.66242141217		
8	130000001	135000000	0.434603209724		
8	135000001	140000000	0.560485468723		
9	50000001	55000000	0.390086822786		
9	55000001	60000000	0.983670837463		
9	1	5000000	0.496933377299		
9	60000001	65000000	0.0425946063309		
9	45000001	50000000	0.139222655264		
8	140000001	145000000	0.731220854226		
9	5000001	10000000	0.912627422116		
9	10000001	15000000	0.125978798583		
9	15000001	20000000	0.460104390431		
9	20000001	25000000	0.862150865442		
9	40000001	45000000	0.551800210883		
9	30000001	35000000	0.0174225676435		
9	35000001	40000000	0.52087226028		
9	25000001	30000000	0.288756581864		
9	75000001	80000000	0.213373447885		
9	80000001	85000000	0.936617665345		
9	90000001	95000000	0.105726946209		
9	85000001	90000000	0.829700484016		
9	95000001	100000000	0.753009744695		
9	70000001	75000000	0.592823175076		
9	100000001	105000000	0.324864236535		
9	105000001	110000000	0.0827704726198		
9	110000001	115000000	0.668745154187		
9	140000001	141213431	0.959225746872		
9	115000001	120000000	0.179796654126		
9	120000001	125000000	0.126146971258		
9	130000001	135000000	0.47516416118		
9	135000001	140000000	0.851357228032		
9	125000001	130000000	0.00531529756312		
10	1	5000000	0.788833698586		
10	5000001	10000000	0.0863066116797		
9	65000001	70000000	0.0322911001609		
10	10000001	15000000	0.146409185373		
10	30000001	35000000	0.457606303917		
10	15000001	20000000	0.936960035569		
10	25000001	30000000	0.661305631732		
10	20000001	25000000	0.0596254695681		
10	45000001	50000000	0.15169746514		
10	50000001	55000000	0.461334591327		
10	35000001	40000000	0.090287351119		
10	55000001	60000000	0.668349609086		
10	75000001	80000000	0.358932915624		
10	65000001	70000000	0.956076926083		
10	60000001	65000000	0.819700533199		
10	70000001	75000000	0.816907228821		
10	80000001	85000000	0.235133035368		
10	85000001	90000000	0.431300851267		
10	90000001	95000000	0.671586007945		
10	135000001	135534747	0.0894030680901		
10	95000001	100000000	0.00954146900539		
10	100000001	105000000	0.327381936231		
10	105000001	110000000	0.400711576235		
10	110000001	115000000	0.786892326392		
10	120000001	125000000	0.814652197517		
10	115000001	120000000	0.0579551350338		
10	125000001	130000000	0.0646029495472		
11	1	5000000	0.924777621401		
11	5000001	10000000	0.288067975897		
10	130000001	135000000	0.125114415268		
11	10000001	15000000	0.792623713619		
11	15000001	20000000	0.784988015032		
11	20000001	25000000	0.60469359081		
11	25000001	30000000	0.767420669204		
11	40000001	45000000	0.859597756548		
11	35000001	40000000	0.853135492974		
11	30000001	35000000	0.26326257673		
11	50000001	55000000	0.420872032467		
11	45000001	50000000	0.984445136452		
11	55000001	60000000	0.367744865795		
11	65000001	70000000	0.626088627653		
11	60000001	65000000	0.846503141648		
10	40000001	45000000	0.876810662696		
11	70000001	75000000	0.602653773795		
11	75000001	80000000	0.349855298649		
11	135000001	135006516	0.690231955362		
11	80000001	85000000	0.00328653902167		
11	95000001	100000000	0.350542377728		
11	85000001	90000000	0.758851610146		
11	105000001	110000000	0.646604040966		
11	100000001	105000000	0.0798849268148		
11	90000001	95000000	0.719619327662		
11	115000001	120000000	0.610009441716		
11	110000001	115000000	0.444718203396		
11	120000001	125000000	0.104618212085		
11	125000001	130000000	0.596329830263		
11	130000001	135000000	0.745576385662		
12	1	5000000	0.198725457483		
12	10000001	15000000	0.634905551958		
12	35000001	40000000	0.0706084831929		
12	15000001	20000000	0.205342536586		
12	5000001	10000000	0.358267168905		
12	20000001	25000000	0.778020594126		
12	25000001	30000000	0.283299577635		
12	30000001	35000000	0.890316095597		
12	40000001	45000000	0.98309792239		
12	45000001	50000000	0.163355696107		
12	50000001	55000000	0.0267148260799		
12	60000001	65000000	0.728720695012		
12	55000001	60000000	0.764372512056		
12	65000001	70000000	0.900922243486		
12	75000001	80000000	0.672465958903		
12	70000001	75000000	0.780099773352		
13	1	5000000	0.365520098686		
13	5000001	10000000	0.100813322785		
13	10000001	15000000	0.99991334017		
12	80000001	85000000	0.604693279426		
12	85000001	90000000	0.270450339625		
12	90000001	95000000	0.892763092475		
13	15000001	20000000	0.07359212906		
12	95000001	100000000	0.0567810305556		
12	100000001	105000000	0.254851068267		
12	105000001	110000000	0.130091177315		
12	110000001	115000000	0.410747677779		
12	120000001	125000000	0.621078269631		
12	130000001	133851895	0.519419512096		
12	115000001	120000000	0.55371661383		
12	125000001	130000000	0.119378012912		
13	40000001	45000000	0.534934700437		
13	20000001	25000000	0.975161171826		
13	25000001	30000000	0.329789342634		
13	35000001	40000000	0.799247419842		
13	30000001	35000000	0.637985995907		
13	50000001	55000000	0.762059487275		
13	45000001	50000000	0.657947475526		
13	55000001	60000000	0.439507797038		
13	65000001	70000000	0.234977059106		
13	60000001	65000000	0.0935690167457		
14	1	5000000	0.113245305563		
14	5000001	10000000	0.100926212462		
13	115000001	115169878	0.767349939353		
14	10000001	15000000	0.837313312205		
13	70000001	75000000	0.817616857054		
13	75000001	80000000	0.884797162525		
14	15000001	20000000	0.358768514864		
13	80000001	85000000	0.674088129254		
13	85000001	90000000	0.820279955152		
13	90000001	95000000	0.132304239179		
13	95000001	100000000	0.000348399693962		
13	100000001	105000000	0.209655845463		
13	105000001	110000000	0.915763847562		
13	110000001	115000000	0.807672548422		
14	20000001	25000000	0.129642343543		
14	25000001	30000000	0.84717406395		
14	30000001	35000000	0.174651738525		
14	35000001	40000000	0.266681890348		
14	40000001	45000000	0.168148031662		
14	45000001	50000000	0.883939656542		
14	55000001	60000000	0.828067588103		
15	1	5000000	0.0649185320266		
15	5000001	10000000	0.02382736744		
14	50000001	55000000	0.791233707733		
15	10000001	15000000	0.393688673274		
15	15000001	20000000	0.568422787291		
14	65000001	70000000	0.638109778425		
14	75000001	80000000	0.543597331005		
14	60000001	65000000	0.187995395623		
14	70000001	75000000	0.310332471962		
14	105000001	107349540	0.597446423377		
14	90000001	95000000	0.78428631769		
14	85000001	90000000	0.338218092867		
14	80000001	85000000	0.022660848987		
14	95000001	100000000	0.145266512842		
14	100000001	105000000	0.28488500327		
15	25000001	30000000	0.961173409223		
15	30000001	35000000	0.426975870222		
15	40000001	45000000	0.497493997551		
15	35000001	40000000	0.422722079349		
15	20000001	25000000	0.866101464623		
15	45000001	50000000	0.800635084297		
15	50000001	55000000	0.153957345859		
15	55000001	60000000	0.666073195989		
15	60000001	65000000	0.5498796718		
15	65000001	70000000	0.897513894955		
15	70000001	75000000	0.0627309713436		
15	100000001	102531392	0.578290439882		
15	75000001	80000000	0.189819540089		
15	80000001	85000000	0.569344011831		
15	85000001	90000000	0.817174485786		
16	35000001	40000000	0.434027043813		
16	40000001	45000000	0.534798718534		
15	90000001	95000000	0.365127571483		
15	95000001	100000000	0.944834760062		
16	1	5000000	0.862410077573		
16	5000001	10000000	0.0896908524582		
16	10000001	15000000	0.042731731675		
16	15000001	20000000	0.534933208867		
16	20000001	25000000	0.311458853642		
16	90000001	90354753	0.0312352866548		
16	25000001	30000000	0.675207346943		
16	50000001	55000000	0.156185283179		
16	60000001	65000000	0.643823709528		
16	55000001	60000000	0.0986115856333		
16	65000001	70000000	0.713925615331		
16	70000001	75000000	0.837450261502		
16	75000001	80000000	0.797172238911		
16	80000001	85000000	0.882952283863		
16	85000001	90000000	0.615264828386		
17	1	5000000	0.333758768901		
17	5000001	10000000	0.182440404914		
16	30000001	35000000	0.657852548396		
17	10000001	15000000	0.974260825132		
17	15000001	20000000	0.658076254132		
17	20000001	25000000	0.103932664449		
17	30000001	35000000	0.0435052083134		
17	25000001	30000000	0.152236608092		
17	35000001	40000000	0.802894291609		
17	40000001	45000000	0.135938598082		
17	80000001	81195210	0.705925007621		
17	50000001	55000000	0.583729403481		
17	45000001	50000000	0.364790845738		
17	55000001	60000000	0.420801600112		
17	60000001	65000000	0.263193758455		
17	75000001	80000000	0.410974419449		
17	65000001	70000000	0.184028607112		
16	45000001	50000000	0.52913985286		
17	70000001	75000000	0.660817846109		
18	5000001	10000000	0.549742848364		
18	20000001	25000000	0.991327292136		
18	30000001	35000000	0.925038673001		
18	10000001	15000000	0.890281011018		
18	1	5000000	0.603907240251		
18	15000001	20000000	0.144025903342		
18	25000001	30000000	0.758891616738		
18	35000001	40000000	0.943536472796		
18	40000001	45000000	0.600621760645		
18	75000001	78077248	0.454046308326		
18	45000001	50000000	0.655246177661		
18	50000001	55000000	0.626921018947		
18	55000001	60000000	0.827677760655		
18	60000001	65000000	0.479400657337		
19	5000001	10000000	0.371663624765		
18	70000001	75000000	0.808001576013		
18	65000001	70000000	0.465399007302		
19	1	5000000	0.647890424282		
19	10000001	15000000	0.284216618787		
19	15000001	20000000	0.538505135205		
19	25000001	30000000	0.562674194557		
19	30000001	35000000	0.586500999721		
19	20000001	25000000	0.786096490702		
19	40000001	45000000	0.338624627878		
19	35000001	40000000	0.169182628689		
19	55000001	59128983	0.374894015881		
19	50000001	55000000	0.585927621252		
20	10000001	15000000	0.49082971962		
19	45000001	50000000	0.372451728242		
20	1	5000000	0.421374989028		
20	5000001	10000000	0.177202283623		
21	1	5000000	0.104721121318		
20	15000001	20000000	0.657307875291		
20	60000001	63025520	0.07283738428		
21	5000001	10000000	0.573817837117		
20	25000001	30000000	0.975301177321		
20	20000001	25000000	0.506480274198		
20	35000001	40000000	0.712815345074		
20	30000001	35000000	0.763538218561		
20	45000001	50000000	0.488111115494		
22	1	5000000	0.525682648688		
22	5000001	10000000	0.231729215977		
22	10000001	15000000	0.627136154441		
20	50000001	55000000	0.525216344726		
20	55000001	60000000	0.335247980917		
20	40000001	45000000	0.937777069246		
21	45000001	48129895	0.631629413695		
21	15000001	20000000	0.416258460175		
21	40000001	45000000	0.902638039724		
21	25000001	30000000	0.763428730135		
21	20000001	25000000	0.970085861291		
21	30000001	35000000	0.337842640848		
21	35000001	40000000	0.480888382915		
21	10000001	15000000	0.235277988777		
22	50000001	51304566	0.728795846647		
22	30000001	35000000	0.840631477928		
22	15000001	20000000	0.690855275957		
22	20000001	25000000	0.7111759914		
22	25000001	30000000	0.143711577125		
X	1	5000000	0.933294378523		
X	5000001	10000000	0.140303150916		
X	10000001	15000000	0.807237063714		
X	15000001	20000000	0.167240557711		
22	40000001	45000000	0.685891951616		
22	35000001	40000000	0.744352406332		
22	45000001	50000000	0.178827872659		
X	20000001	25000000	0.55816254676		
X	30000001	35000000	0.249024745141		
X	25000001	30000000	0.952813473746		
X	35000001	40000000	0.182647256344		
X	40000001	45000000	0.982956658944		
X	45000001	50000000	0.500133340572		
X	50000001	55000000	0.00524096541552		
X	70000001	75000000	0.155766526436		
X	75000001	80000000	0.350182071232		
X	80000001	85000000	0.676700037009		
X	55000001	60000000	0.63845963358		
X	90000001	95000000	0.224803388617		
X	65000001	70000000	0.426876930494		
X	100000001	105000000	0.848656154268		
X	85000001	90000000	0.472381229671		
X	95000001	100000000	0.318580098802		
X	60000001	65000000	0.637869197349		
X	155000001	155270560	0.864790308598		
X	105000001	110000000	0.697213918628		
X	110000001	115000000	0.980298901553		
X	115000001	120000000	0.443410720407		
X	120000001	125000000	0.0144678139065		
X	125000001	130000000	0.0380058639772		
X	140000001	145000000	0.971819552427		
Y	30000001	35000000	0.365137549641		
X	145000001	150000000	0.778311574745		
Y	35000001	40000000	0.970625495168		
Y	40000001	45000000	0.548245725743		
Y	45000001	50000000	0.67336491437		
Y	50000001	55000000	0.562079887659		
X	130000001	135000000	0.729490487044		
X	150000001	155000000	0.82217714629		
X	135000001	140000000	0.695187817075		
Y	1	5000000	0.66557341243		
Y	5000001	10000000	0.0326612680007		
Y	15000001	20000000	0.126670670907		
Y	25000001	30000000	0.448784986156		
Y	20000001	25000000	0.815693890133		
Y	10000001	15000000	0.836465384579		
Y	55000001	59373566	0.428567287619		
