ChrName	Start	End	Value	Color	Label
1	5000001	10000000	42.2473	rgba(0,132, 0 ,1)	
1	10000001	15000000	39.35	rgba(0,132, 0 ,1)	
1	20000001	25000000	41.2805	rgba(0,132, 0 ,1)	
1	25000001	30000000	39.698	rgba(0,132, 0 ,1)	
1	35000001	40000000	41.574	rgba(0,132, 0 ,1)	
1	40000001	45000000	41.8202	rgba(0,132, 0 ,1)	
1	45000001	50000000	42.1324	rgba(0,132, 0 ,1)	
1	30000001	35000000	42.0093	rgba(0,132, 0 ,1)	
1	50000001	55000000	41.4545	rgba(0,132, 0 ,1)	
1	1	5000000	42.2985	rgba(0,132, 0 ,1)	
1	15000001	20000000	47.5202	rgba(0,132, 0 ,1)	
1	55000001	60000000	42.4936	rgba(0,132, 0 ,1)	
1	60000001	65000000	41.6923	rgba(0,132, 0 ,1)	
1	75000001	80000000	42.0103	rgba(0,132, 0 ,1)	
1	85000001	90000000	42.1551	rgba(0,132, 0 ,1)	
1	80000001	85000000	41.9409	rgba(0,132, 0 ,1)	
1	90000001	95000000	42.1181	rgba(0,132, 0 ,1)	
1	105000001	110000000	41.7395	rgba(0,132, 0 ,1)	
1	125000001	130000000	0	rgba(0,132, 0 ,1)	
1	130000001	135000000	0	rgba(0,132, 0 ,1)	
1	95000001	100000000	42.038	rgba(0,132, 0 ,1)	
1	65000001	70000000	41.8792	rgba(0,132, 0 ,1)	
1	70000001	75000000	41.6097	rgba(0,132, 0 ,1)	
1	135000001	140000000	0	rgba(0,132, 0 ,1)	
1	110000001	115000000	41.9366	rgba(0,132, 0 ,1)	
1	100000001	105000000	40.749	rgba(0,132, 0 ,1)	
1	115000001	120000000	42.3462	rgba(0,132, 0 ,1)	
1	155000001	160000000	42.0343	rgba(0,132, 0 ,1)	
1	170000001	175000000	41.7501	rgba(0,132, 0 ,1)	
1	175000001	180000000	42.1441	rgba(0,132, 0 ,1)	
1	140000001	145000000	39.5545	rgba(0,132, 0 ,1)	
1	185000001	190000000	41.7413	rgba(0,132, 0 ,1)	
1	150000001	155000000	41.2443	rgba(0,132, 0 ,1)	
1	165000001	170000000	41.9477	rgba(0,132, 0 ,1)	
1	180000001	185000000	41.8972	rgba(0,132, 0 ,1)	
1	145000001	150000000	46.7743	rgba(0,132, 0 ,1)	
1	160000001	165000000	42.9192	rgba(0,132, 0 ,1)	
1	190000001	195000000	41.4477	rgba(0,132, 0 ,1)	
1	120000001	125000000	19.5343	rgba(0,132, 0 ,1)	
1	200000001	205000000	42.0918	rgba(0,132, 0 ,1)	
1	205000001	210000000	40.2316	rgba(0,132, 0 ,1)	
1	215000001	220000000	42.0819	rgba(0,132, 0 ,1)	
1	220000001	225000000	41.9994	rgba(0,132, 0 ,1)	
1	230000001	235000000	42.2124	rgba(0,132, 0 ,1)	
1	195000001	200000000	41.2302	rgba(0,132, 0 ,1)	
1	235000001	240000000	41.0899	rgba(0,132, 0 ,1)	
1	210000001	215000000	41.7133	rgba(0,132, 0 ,1)	
1	225000001	230000000	42.4207	rgba(0,132, 0 ,1)	
1	240000001	245000000	41.4083	rgba(0,132, 0 ,1)	
1	245000001	249250621	39.622	rgba(0,132, 0 ,1)	
2	1	5000000	41.9742	rgba(0,132, 0 ,1)	
2	5000001	10000000	41.604	rgba(0,132, 0 ,1)	
2	10000001	15000000	42.0585	rgba(0,132, 0 ,1)	
2	20000001	25000000	41.9948	rgba(0,132, 0 ,1)	
2	50000001	55000000	41.6142	rgba(0,132, 0 ,1)	
2	15000001	20000000	41.9207	rgba(0,132, 0 ,1)	
2	25000001	30000000	41.5606	rgba(0,132, 0 ,1)	
2	45000001	50000000	41.9192	rgba(0,132, 0 ,1)	
2	40000001	45000000	41.5413	rgba(0,132, 0 ,1)	
2	30000001	35000000	42.0999	rgba(0,132, 0 ,1)	
2	35000001	40000000	41.7334	rgba(0,132, 0 ,1)	
2	55000001	60000000	41.7422	rgba(0,132, 0 ,1)	
2	60000001	65000000	41.4513	rgba(0,132, 0 ,1)	
2	65000001	70000000	41.9865	rgba(0,132, 0 ,1)	
2	70000001	75000000	41.9829	rgba(0,132, 0 ,1)	
2	75000001	80000000	41.8714	rgba(0,132, 0 ,1)	
2	110000001	115000000	40.6952	rgba(0,132, 0 ,1)	
2	100000001	105000000	41.9922	rgba(0,132, 0 ,1)	
2	80000001	85000000	41.8579	rgba(0,132, 0 ,1)	
2	95000001	100000000	39.5555	rgba(0,132, 0 ,1)	
2	105000001	110000000	42.8303	rgba(0,132, 0 ,1)	
2	115000001	120000000	42.1979	rgba(0,132, 0 ,1)	
2	85000001	90000000	47.1003	rgba(0,132, 0 ,1)	
2	120000001	125000000	42.3388	rgba(0,132, 0 ,1)	
2	125000001	130000000	42.0905	rgba(0,132, 0 ,1)	
2	135000001	140000000	41.9204	rgba(0,132, 0 ,1)	
2	140000001	145000000	41.8582	rgba(0,132, 0 ,1)	
2	145000001	150000000	40.8978	rgba(0,132, 0 ,1)	
2	150000001	155000000	41.6884	rgba(0,132, 0 ,1)	
2	90000001	95000000	47.8818	rgba(0,132, 0 ,1)	
2	155000001	160000000	41.8969	rgba(0,132, 0 ,1)	
2	160000001	165000000	42.7918	rgba(0,132, 0 ,1)	
2	165000001	170000000	41.9993	rgba(0,132, 0 ,1)	
2	170000001	175000000	41.3787	rgba(0,132, 0 ,1)	
2	175000001	180000000	41.9064	rgba(0,132, 0 ,1)	
2	180000001	185000000	42.0365	rgba(0,132, 0 ,1)	
2	130000001	135000000	64.8685	rgba(255, 0, 0, 1)	64.8685
2	200000001	205000000	41.1605	rgba(0,132, 0 ,1)	
2	185000001	190000000	41.7168	rgba(0,132, 0 ,1)	
2	190000001	195000000	41.615	rgba(0,132, 0 ,1)	
2	205000001	210000000	41.6734	rgba(0,132, 0 ,1)	
2	195000001	200000000	41.7738	rgba(0,132, 0 ,1)	
2	210000001	215000000	41.812	rgba(0,132, 0 ,1)	
2	215000001	220000000	42.0127	rgba(0,132, 0 ,1)	
2	220000001	225000000	41.8714	rgba(0,132, 0 ,1)	
2	225000001	230000000	41.7607	rgba(0,132, 0 ,1)	
2	230000001	235000000	41.6142	rgba(0,132, 0 ,1)	
2	240000001	243199373	41.4051	rgba(0,132, 0 ,1)	
2	235000001	240000000	42.0555	rgba(0,132, 0 ,1)	
3	10000001	15000000	42.4945	rgba(0,132, 0 ,1)	
3	5000001	10000000	42.0444	rgba(0,132, 0 ,1)	
3	1	5000000	41.4982	rgba(0,132, 0 ,1)	
3	15000001	20000000	42.1821	rgba(0,132, 0 ,1)	
3	25000001	30000000	41.8938	rgba(0,132, 0 ,1)	
3	20000001	25000000	41.8815	rgba(0,132, 0 ,1)	
3	30000001	35000000	41.8138	rgba(0,132, 0 ,1)	
3	35000001	40000000	42.3072	rgba(0,132, 0 ,1)	
3	40000001	45000000	42.2589	rgba(0,132, 0 ,1)	
3	45000001	50000000	41.4198	rgba(0,132, 0 ,1)	
3	50000001	55000000	42.1489	rgba(0,132, 0 ,1)	
3	55000001	60000000	41.9123	rgba(0,132, 0 ,1)	
3	90000001	95000000	19.2409	rgba(0,132, 0 ,1)	
3	60000001	65000000	42.1272	rgba(0,132, 0 ,1)	
3	70000001	75000000	42.0229	rgba(0,132, 0 ,1)	
3	65000001	70000000	41.0541	rgba(0,132, 0 ,1)	
3	85000001	90000000	41.8192	rgba(0,132, 0 ,1)	
3	75000001	80000000	47.5604	rgba(0,132, 0 ,1)	
3	80000001	85000000	41.7833	rgba(0,132, 0 ,1)	
3	100000001	105000000	41.7328	rgba(0,132, 0 ,1)	
3	95000001	100000000	41.8649	rgba(0,132, 0 ,1)	
3	105000001	110000000	41.8316	rgba(0,132, 0 ,1)	
3	110000001	115000000	41.9918	rgba(0,132, 0 ,1)	
3	115000001	120000000	42.1688	rgba(0,132, 0 ,1)	
3	120000001	125000000	42.1754	rgba(0,132, 0 ,1)	
3	125000001	130000000	42.2493	rgba(0,132, 0 ,1)	
3	130000001	135000000	42.3501	rgba(0,132, 0 ,1)	
3	135000001	140000000	41.9948	rgba(0,132, 0 ,1)	
3	140000001	145000000	41.8661	rgba(0,132, 0 ,1)	
3	145000001	150000000	41.8957	rgba(0,132, 0 ,1)	
3	150000001	155000000	41.6654	rgba(0,132, 0 ,1)	
3	155000001	160000000	42.0189	rgba(0,132, 0 ,1)	
3	160000001	165000000	41.1567	rgba(0,132, 0 ,1)	
3	165000001	170000000	41.7632	rgba(0,132, 0 ,1)	
3	170000001	175000000	41.7247	rgba(0,132, 0 ,1)	
3	175000001	180000000	41.5009	rgba(0,132, 0 ,1)	
3	195000001	198022430	41.9493	rgba(0,132, 0 ,1)	
3	185000001	190000000	41.5532	rgba(0,132, 0 ,1)	
3	180000001	185000000	41.2892	rgba(0,132, 0 ,1)	
3	190000001	195000000	41.8395	rgba(0,132, 0 ,1)	
4	10000001	15000000	42.4128	rgba(0,132, 0 ,1)	
4	1	5000000	43.1891	rgba(0,132, 0 ,1)	
4	5000001	10000000	44.0522	rgba(0,132, 0 ,1)	
4	50000001	55000000	20.3406	rgba(0,132, 0 ,1)	
4	15000001	20000000	42.2028	rgba(0,132, 0 ,1)	
4	20000001	25000000	42.2532	rgba(0,132, 0 ,1)	
4	25000001	30000000	41.6436	rgba(0,132, 0 ,1)	
4	35000001	40000000	41.5284	rgba(0,132, 0 ,1)	
4	30000001	35000000	41.6177	rgba(0,132, 0 ,1)	
4	40000001	45000000	41.6596	rgba(0,132, 0 ,1)	
4	55000001	60000000	41.278	rgba(0,132, 0 ,1)	
4	60000001	65000000	41.6179	rgba(0,132, 0 ,1)	
4	75000001	80000000	41.5558	rgba(0,132, 0 ,1)	
4	70000001	75000000	41.8379	rgba(0,132, 0 ,1)	
4	65000001	70000000	42.503	rgba(0,132, 0 ,1)	
4	85000001	90000000	41.6538	rgba(0,132, 0 ,1)	
4	80000001	85000000	42.2368	rgba(0,132, 0 ,1)	
4	90000001	95000000	41.8675	rgba(0,132, 0 ,1)	
4	95000001	100000000	41.671	rgba(0,132, 0 ,1)	
4	100000001	105000000	42.0293	rgba(0,132, 0 ,1)	
4	105000001	110000000	41.9492	rgba(0,132, 0 ,1)	
4	110000001	115000000	41.7216	rgba(0,132, 0 ,1)	
4	115000001	120000000	41.5308	rgba(0,132, 0 ,1)	
4	120000001	125000000	41.8729	rgba(0,132, 0 ,1)	
4	125000001	130000000	41.7135	rgba(0,132, 0 ,1)	
4	130000001	135000000	41.9984	rgba(0,132, 0 ,1)	
4	140000001	145000000	41.7949	rgba(0,132, 0 ,1)	
4	135000001	140000000	41.6488	rgba(0,132, 0 ,1)	
4	145000001	150000000	42.0099	rgba(0,132, 0 ,1)	
4	155000001	160000000	41.8006	rgba(0,132, 0 ,1)	
4	160000001	165000000	41.5451	rgba(0,132, 0 ,1)	
4	150000001	155000000	42.0374	rgba(0,132, 0 ,1)	
4	190000001	191154276	82.7155	rgba(255, 0, 0, 1)	82.7155
4	165000001	170000000	41.6793	rgba(0,132, 0 ,1)	
4	170000001	175000000	41.5978	rgba(0,132, 0 ,1)	
4	180000001	185000000	41.4852	rgba(0,132, 0 ,1)	
4	175000001	180000000	41.5696	rgba(0,132, 0 ,1)	
4	185000001	190000000	41.2217	rgba(0,132, 0 ,1)	
5	5000001	10000000	42.5233	rgba(0,132, 0 ,1)	
5	1	5000000	44.2971	rgba(0,132, 0 ,1)	
5	20000001	25000000	42.246	rgba(0,132, 0 ,1)	
5	10000001	15000000	42.0796	rgba(0,132, 0 ,1)	
5	15000001	20000000	42.5583	rgba(0,132, 0 ,1)	
4	45000001	50000000	83.7293	rgba(255, 0, 0, 1)	83.7293
5	25000001	30000000	41.5998	rgba(0,132, 0 ,1)	
5	30000001	35000000	42.653	rgba(0,132, 0 ,1)	
5	45000001	50000000	26.4272	rgba(0,132, 0 ,1)	
5	40000001	45000000	41.8761	rgba(0,132, 0 ,1)	
5	35000001	40000000	42.0382	rgba(0,132, 0 ,1)	
5	50000001	55000000	41.9657	rgba(0,132, 0 ,1)	
5	65000001	70000000	40.9493	rgba(0,132, 0 ,1)	
5	55000001	60000000	42.0616	rgba(0,132, 0 ,1)	
5	70000001	75000000	42.2062	rgba(0,132, 0 ,1)	
5	60000001	65000000	41.8974	rgba(0,132, 0 ,1)	
5	75000001	80000000	41.4017	rgba(0,132, 0 ,1)	
5	80000001	85000000	41.8002	rgba(0,132, 0 ,1)	
5	85000001	90000000	41.85	rgba(0,132, 0 ,1)	
5	90000001	95000000	41.4675	rgba(0,132, 0 ,1)	
5	95000001	100000000	41.7616	rgba(0,132, 0 ,1)	
5	100000001	105000000	41.8265	rgba(0,132, 0 ,1)	
5	105000001	110000000	41.9332	rgba(0,132, 0 ,1)	
5	110000001	115000000	42.168	rgba(0,132, 0 ,1)	
5	115000001	120000000	41.697	rgba(0,132, 0 ,1)	
5	130000001	135000000	41.8694	rgba(0,132, 0 ,1)	
5	125000001	130000000	41.9483	rgba(0,132, 0 ,1)	
5	120000001	125000000	41.9687	rgba(0,132, 0 ,1)	
5	135000001	140000000	41.6015	rgba(0,132, 0 ,1)	
5	140000001	145000000	41.8884	rgba(0,132, 0 ,1)	
5	180000001	180915260	40	rgba(0,132, 0 ,1)	
5	145000001	150000000	42.2497	rgba(0,132, 0 ,1)	
5	150000001	155000000	42.0136	rgba(0,132, 0 ,1)	
5	155000001	160000000	41.5054	rgba(0,132, 0 ,1)	
5	160000001	165000000	41.6267	rgba(0,132, 0 ,1)	
5	170000001	175000000	41.924	rgba(0,132, 0 ,1)	
5	165000001	170000000	42.1789	rgba(0,132, 0 ,1)	
6	5000001	10000000	41.8034	rgba(0,132, 0 ,1)	
5	175000001	180000000	41.6852	rgba(0,132, 0 ,1)	
6	1	5000000	41.7089	rgba(0,132, 0 ,1)	
6	15000001	20000000	41.3431	rgba(0,132, 0 ,1)	
6	10000001	15000000	41.6034	rgba(0,132, 0 ,1)	
6	20000001	25000000	41.3382	rgba(0,132, 0 ,1)	
6	25000001	30000000	41.7467	rgba(0,132, 0 ,1)	
6	30000001	35000000	41.2633	rgba(0,132, 0 ,1)	
6	35000001	40000000	41.9756	rgba(0,132, 0 ,1)	
6	40000001	45000000	42.0763	rgba(0,132, 0 ,1)	
6	45000001	50000000	42.1213	rgba(0,132, 0 ,1)	
6	50000001	55000000	41.938	rgba(0,132, 0 ,1)	
6	60000001	65000000	27.1082	rgba(0,132, 0 ,1)	
6	70000001	75000000	41.5062	rgba(0,132, 0 ,1)	
6	75000001	80000000	41.8596	rgba(0,132, 0 ,1)	
6	65000001	70000000	41.6233	rgba(0,132, 0 ,1)	
6	55000001	60000000	41.0653	rgba(0,132, 0 ,1)	
6	80000001	85000000	41.9894	rgba(0,132, 0 ,1)	
6	85000001	90000000	41.9864	rgba(0,132, 0 ,1)	
6	90000001	95000000	42.0578	rgba(0,132, 0 ,1)	
6	100000001	105000000	41.6239	rgba(0,132, 0 ,1)	
6	95000001	100000000	40.656	rgba(0,132, 0 ,1)	
6	110000001	115000000	41.5646	rgba(0,132, 0 ,1)	
6	105000001	110000000	41.2876	rgba(0,132, 0 ,1)	
6	115000001	120000000	42.0712	rgba(0,132, 0 ,1)	
6	120000001	125000000	41.6729	rgba(0,132, 0 ,1)	
6	130000001	135000000	41.821	rgba(0,132, 0 ,1)	
6	125000001	130000000	41.8847	rgba(0,132, 0 ,1)	
6	170000001	171115067	36.6086	rgba(0,132, 0 ,1)	
6	135000001	140000000	41.5235	rgba(0,132, 0 ,1)	
6	140000001	145000000	41.8329	rgba(0,132, 0 ,1)	
6	145000001	150000000	41.8925	rgba(0,132, 0 ,1)	
6	150000001	155000000	41.5749	rgba(0,132, 0 ,1)	
6	155000001	160000000	40.9388	rgba(0,132, 0 ,1)	
6	165000001	170000000	41.5162	rgba(0,132, 0 ,1)	
6	160000001	165000000	43.1379	rgba(0,132, 0 ,1)	
7	20000001	25000000	41.6835	rgba(0,132, 0 ,1)	
7	10000001	15000000	41.6418	rgba(0,132, 0 ,1)	
7	5000001	10000000	41.1611	rgba(0,132, 0 ,1)	
7	1	5000000	41.4239	rgba(0,132, 0 ,1)	
7	15000001	20000000	41.8736	rgba(0,132, 0 ,1)	
7	25000001	30000000	42.1191	rgba(0,132, 0 ,1)	
7	30000001	35000000	42.3408	rgba(0,132, 0 ,1)	
7	40000001	45000000	41.9435	rgba(0,132, 0 ,1)	
7	35000001	40000000	42.0836	rgba(0,132, 0 ,1)	
7	45000001	50000000	42.4634	rgba(0,132, 0 ,1)	
7	50000001	55000000	41.7311	rgba(0,132, 0 ,1)	
7	55000001	60000000	32.5259	rgba(0,132, 0 ,1)	
7	85000001	90000000	41.843	rgba(0,132, 0 ,1)	
7	70000001	75000000	38.7367	rgba(0,132, 0 ,1)	
7	65000001	70000000	41.2903	rgba(0,132, 0 ,1)	
7	80000001	85000000	41.4372	rgba(0,132, 0 ,1)	
7	90000001	95000000	42.004	rgba(0,132, 0 ,1)	
7	75000001	80000000	41.0184	rgba(0,132, 0 ,1)	
7	95000001	100000000	41.5485	rgba(0,132, 0 ,1)	
7	60000001	65000000	44.0183	rgba(0,132, 0 ,1)	
7	105000001	110000000	41.6926	rgba(0,132, 0 ,1)	
7	110000001	115000000	41.8722	rgba(0,132, 0 ,1)	
7	100000001	105000000	42.5753	rgba(0,132, 0 ,1)	
7	115000001	120000000	42.0329	rgba(0,132, 0 ,1)	
7	120000001	125000000	41.994	rgba(0,132, 0 ,1)	
7	125000001	130000000	41.5568	rgba(0,132, 0 ,1)	
7	130000001	135000000	41.1919	rgba(0,132, 0 ,1)	
7	135000001	140000000	41.1982	rgba(0,132, 0 ,1)	
7	140000001	145000000	40.524	rgba(0,132, 0 ,1)	
7	145000001	150000000	41.4002	rgba(0,132, 0 ,1)	
7	155000001	159138663	42.2293	rgba(0,132, 0 ,1)	
7	150000001	155000000	42.1285	rgba(0,132, 0 ,1)	
8	1	5000000	41.8318	rgba(0,132, 0 ,1)	
8	5000001	10000000	43.3598	rgba(0,132, 0 ,1)	
8	15000001	20000000	41.6944	rgba(0,132, 0 ,1)	
8	10000001	15000000	43.5519	rgba(0,132, 0 ,1)	
8	20000001	25000000	42.1078	rgba(0,132, 0 ,1)	
8	25000001	30000000	41.8925	rgba(0,132, 0 ,1)	
8	30000001	35000000	41.4642	rgba(0,132, 0 ,1)	
8	35000001	40000000	41.694	rgba(0,132, 0 ,1)	
8	50000001	55000000	41.7615	rgba(0,132, 0 ,1)	
8	55000001	60000000	42.3044	rgba(0,132, 0 ,1)	
8	45000001	50000000	35.4313	rgba(0,132, 0 ,1)	
8	75000001	80000000	41.8959	rgba(0,132, 0 ,1)	
8	70000001	75000000	42.0286	rgba(0,132, 0 ,1)	
8	65000001	70000000	41.7314	rgba(0,132, 0 ,1)	
8	60000001	65000000	42.0187	rgba(0,132, 0 ,1)	
8	80000001	85000000	42.0021	rgba(0,132, 0 ,1)	
8	40000001	45000000	43.3991	rgba(0,132, 0 ,1)	
8	90000001	95000000	42.0541	rgba(0,132, 0 ,1)	
8	95000001	100000000	41.9381	rgba(0,132, 0 ,1)	
8	100000001	105000000	41.5707	rgba(0,132, 0 ,1)	
8	110000001	115000000	41.8623	rgba(0,132, 0 ,1)	
8	85000001	90000000	48.3164	rgba(0,132, 0 ,1)	
8	145000001	146364022	33.8302	rgba(0,132, 0 ,1)	
8	105000001	110000000	41.9891	rgba(0,132, 0 ,1)	
8	115000001	120000000	42.0117	rgba(0,132, 0 ,1)	
8	120000001	125000000	41.8508	rgba(0,132, 0 ,1)	
8	125000001	130000000	41.8597	rgba(0,132, 0 ,1)	
8	130000001	135000000	42.5243	rgba(0,132, 0 ,1)	
8	135000001	140000000	42.4237	rgba(0,132, 0 ,1)	
9	50000001	55000000	0	rgba(0,132, 0 ,1)	
9	55000001	60000000	0	rgba(0,132, 0 ,1)	
9	1	5000000	42.0037	rgba(0,132, 0 ,1)	
9	60000001	65000000	0	rgba(0,132, 0 ,1)	
9	45000001	50000000	14.63	rgba(0,132, 0 ,1)	
8	140000001	145000000	42.2521	rgba(0,132, 0 ,1)	
9	5000001	10000000	41.9948	rgba(0,132, 0 ,1)	
9	10000001	15000000	41.736	rgba(0,132, 0 ,1)	
9	15000001	20000000	41.7722	rgba(0,132, 0 ,1)	
9	20000001	25000000	41.8671	rgba(0,132, 0 ,1)	
9	40000001	45000000	31.7034	rgba(0,132, 0 ,1)	
9	30000001	35000000	41.7128	rgba(0,132, 0 ,1)	
9	35000001	40000000	37.5884	rgba(0,132, 0 ,1)	
9	25000001	30000000	41.9201	rgba(0,132, 0 ,1)	
9	75000001	80000000	41.643	rgba(0,132, 0 ,1)	
9	80000001	85000000	41.7708	rgba(0,132, 0 ,1)	
9	90000001	95000000	39.9893	rgba(0,132, 0 ,1)	
9	85000001	90000000	41.8266	rgba(0,132, 0 ,1)	
9	95000001	100000000	41.6982	rgba(0,132, 0 ,1)	
9	70000001	75000000	40.6579	rgba(0,132, 0 ,1)	
9	100000001	105000000	42.1561	rgba(0,132, 0 ,1)	
9	105000001	110000000	41.7284	rgba(0,132, 0 ,1)	
9	110000001	115000000	41.6405	rgba(0,132, 0 ,1)	
9	140000001	141213431	40.9827	rgba(0,132, 0 ,1)	
9	115000001	120000000	42.2728	rgba(0,132, 0 ,1)	
9	120000001	125000000	42.389	rgba(0,132, 0 ,1)	
9	130000001	135000000	40.0453	rgba(0,132, 0 ,1)	
9	135000001	140000000	41.588	rgba(0,132, 0 ,1)	
9	125000001	130000000	41.8564	rgba(0,132, 0 ,1)	
10	1	5000000	41.488	rgba(0,132, 0 ,1)	
10	5000001	10000000	41.761	rgba(0,132, 0 ,1)	
9	65000001	70000000	55.6087	rgba(255, 0, 0, 1)	55.6087
10	10000001	15000000	41.4057	rgba(0,132, 0 ,1)	
10	30000001	35000000	41.7279	rgba(0,132, 0 ,1)	
10	15000001	20000000	39.3019	rgba(0,132, 0 ,1)	
10	25000001	30000000	41.3533	rgba(0,132, 0 ,1)	
10	20000001	25000000	41.5633	rgba(0,132, 0 ,1)	
10	45000001	50000000	34.4996	rgba(0,132, 0 ,1)	
10	50000001	55000000	39.2167	rgba(0,132, 0 ,1)	
10	35000001	40000000	43.4248	rgba(0,132, 0 ,1)	
10	55000001	60000000	41.6941	rgba(0,132, 0 ,1)	
10	75000001	80000000	41.8072	rgba(0,132, 0 ,1)	
10	65000001	70000000	41.4921	rgba(0,132, 0 ,1)	
10	60000001	65000000	41.8647	rgba(0,132, 0 ,1)	
10	70000001	75000000	41.6182	rgba(0,132, 0 ,1)	
10	80000001	85000000	42.025	rgba(0,132, 0 ,1)	
10	85000001	90000000	42.0853	rgba(0,132, 0 ,1)	
10	90000001	95000000	41.7219	rgba(0,132, 0 ,1)	
10	135000001	135534747	74.7901	rgba(255, 0, 0, 1)	74.7901
10	95000001	100000000	42.1794	rgba(0,132, 0 ,1)	
10	100000001	105000000	41.3949	rgba(0,132, 0 ,1)	
10	105000001	110000000	42.2408	rgba(0,132, 0 ,1)	
10	110000001	115000000	42.1781	rgba(0,132, 0 ,1)	
10	120000001	125000000	42.0685	rgba(0,132, 0 ,1)	
10	115000001	120000000	42.0761	rgba(0,132, 0 ,1)	
10	125000001	130000000	42.0589	rgba(0,132, 0 ,1)	
11	1	5000000	41.0765	rgba(0,132, 0 ,1)	
11	5000001	10000000	41.8625	rgba(0,132, 0 ,1)	
10	130000001	135000000	42.1511	rgba(0,132, 0 ,1)	
11	10000001	15000000	42.5187	rgba(0,132, 0 ,1)	
11	15000001	20000000	42.7326	rgba(0,132, 0 ,1)	
11	20000001	25000000	41.9821	rgba(0,132, 0 ,1)	
11	25000001	30000000	42.0164	rgba(0,132, 0 ,1)	
11	40000001	45000000	42.1966	rgba(0,132, 0 ,1)	
11	35000001	40000000	42.0627	rgba(0,132, 0 ,1)	
11	30000001	35000000	41.7564	rgba(0,132, 0 ,1)	
11	50000001	55000000	22.6725	rgba(0,132, 0 ,1)	
11	45000001	50000000	44.0907	rgba(0,132, 0 ,1)	
11	55000001	60000000	42.5572	rgba(0,132, 0 ,1)	
11	65000001	70000000	40.7291	rgba(0,132, 0 ,1)	
11	60000001	65000000	41.9482	rgba(0,132, 0 ,1)	
10	40000001	45000000	59.6048	rgba(255, 0, 0, 1)	59.6048
11	70000001	75000000	42.032	rgba(0,132, 0 ,1)	
11	75000001	80000000	42.198	rgba(0,132, 0 ,1)	
11	135000001	135006516	0	rgba(0,132, 0 ,1)	
11	80000001	85000000	41.9995	rgba(0,132, 0 ,1)	
11	95000001	100000000	40.5023	rgba(0,132, 0 ,1)	
11	85000001	90000000	41.6588	rgba(0,132, 0 ,1)	
11	105000001	110000000	41.9534	rgba(0,132, 0 ,1)	
11	100000001	105000000	41.9342	rgba(0,132, 0 ,1)	
11	90000001	95000000	42.4552	rgba(0,132, 0 ,1)	
11	115000001	120000000	42.3464	rgba(0,132, 0 ,1)	
11	110000001	115000000	42.3068	rgba(0,132, 0 ,1)	
11	120000001	125000000	42.1282	rgba(0,132, 0 ,1)	
11	125000001	130000000	42.3675	rgba(0,132, 0 ,1)	
11	130000001	135000000	42.2169	rgba(0,132, 0 ,1)	
12	1	5000000	41.4004	rgba(0,132, 0 ,1)	
12	10000001	15000000	41.7236	rgba(0,132, 0 ,1)	
12	35000001	40000000	22.1902	rgba(0,132, 0 ,1)	
12	15000001	20000000	41.7225	rgba(0,132, 0 ,1)	
12	5000001	10000000	40.7885	rgba(0,132, 0 ,1)	
12	20000001	25000000	41.9919	rgba(0,132, 0 ,1)	
12	25000001	30000000	41.8316	rgba(0,132, 0 ,1)	
12	30000001	35000000	42.8936	rgba(0,132, 0 ,1)	
12	40000001	45000000	41.7081	rgba(0,132, 0 ,1)	
12	45000001	50000000	41.7336	rgba(0,132, 0 ,1)	
12	50000001	55000000	41.5333	rgba(0,132, 0 ,1)	
12	60000001	65000000	41.6007	rgba(0,132, 0 ,1)	
12	55000001	60000000	41.6165	rgba(0,132, 0 ,1)	
12	65000001	70000000	41.9164	rgba(0,132, 0 ,1)	
12	75000001	80000000	41.8222	rgba(0,132, 0 ,1)	
12	70000001	75000000	41.9083	rgba(0,132, 0 ,1)	
13	1	5000000	0	rgba(0,132, 0 ,1)	
13	5000001	10000000	0	rgba(0,132, 0 ,1)	
13	10000001	15000000	0	rgba(0,132, 0 ,1)	
12	80000001	85000000	41.7647	rgba(0,132, 0 ,1)	
12	85000001	90000000	42.0026	rgba(0,132, 0 ,1)	
12	90000001	95000000	41.7296	rgba(0,132, 0 ,1)	
13	15000001	20000000	8.44216	rgba(0,132, 0 ,1)	
12	95000001	100000000	41.3304	rgba(0,132, 0 ,1)	
12	100000001	105000000	41.8456	rgba(0,132, 0 ,1)	
12	105000001	110000000	41.7728	rgba(0,132, 0 ,1)	
12	110000001	115000000	41.4594	rgba(0,132, 0 ,1)	
12	120000001	125000000	40.119	rgba(0,132, 0 ,1)	
12	130000001	133851895	41.0915	rgba(0,132, 0 ,1)	
12	115000001	120000000	41.6703	rgba(0,132, 0 ,1)	
12	125000001	130000000	42.0149	rgba(0,132, 0 ,1)	
13	40000001	45000000	41.876	rgba(0,132, 0 ,1)	
13	20000001	25000000	41.5356	rgba(0,132, 0 ,1)	
13	25000001	30000000	42.3338	rgba(0,132, 0 ,1)	
13	35000001	40000000	42.0012	rgba(0,132, 0 ,1)	
13	30000001	35000000	41.8366	rgba(0,132, 0 ,1)	
13	50000001	55000000	41.8877	rgba(0,132, 0 ,1)	
13	45000001	50000000	41.485	rgba(0,132, 0 ,1)	
13	55000001	60000000	41.5777	rgba(0,132, 0 ,1)	
13	65000001	70000000	41.6898	rgba(0,132, 0 ,1)	
13	60000001	65000000	42.4656	rgba(0,132, 0 ,1)	
14	1	5000000	0	rgba(0,132, 0 ,1)	
14	5000001	10000000	0	rgba(0,132, 0 ,1)	
13	115000001	115169878	23.1806	rgba(0,132, 0 ,1)	
14	10000001	15000000	0	rgba(0,132, 0 ,1)	
13	70000001	75000000	41.7201	rgba(0,132, 0 ,1)	
13	75000001	80000000	41.8832	rgba(0,132, 0 ,1)	
14	15000001	20000000	17.1062	rgba(0,132, 0 ,1)	
13	80000001	85000000	41.6239	rgba(0,132, 0 ,1)	
13	85000001	90000000	40.3452	rgba(0,132, 0 ,1)	
13	90000001	95000000	41.6621	rgba(0,132, 0 ,1)	
13	95000001	100000000	41.7217	rgba(0,132, 0 ,1)	
13	100000001	105000000	41.6983	rgba(0,132, 0 ,1)	
13	105000001	110000000	41.8481	rgba(0,132, 0 ,1)	
13	110000001	115000000	39.3703	rgba(0,132, 0 ,1)	
14	20000001	25000000	43.6931	rgba(0,132, 0 ,1)	
14	25000001	30000000	42.0188	rgba(0,132, 0 ,1)	
14	30000001	35000000	41.7091	rgba(0,132, 0 ,1)	
14	35000001	40000000	41.3275	rgba(0,132, 0 ,1)	
14	40000001	45000000	41.3388	rgba(0,132, 0 ,1)	
14	45000001	50000000	41.7626	rgba(0,132, 0 ,1)	
14	55000001	60000000	41.8315	rgba(0,132, 0 ,1)	
15	1	5000000	0	rgba(0,132, 0 ,1)	
15	5000001	10000000	0	rgba(0,132, 0 ,1)	
14	50000001	55000000	41.6255	rgba(0,132, 0 ,1)	
15	10000001	15000000	0	rgba(0,132, 0 ,1)	
15	15000001	20000000	2e-07	rgba(0,132, 0 ,1)	
14	65000001	70000000	41.9366	rgba(0,132, 0 ,1)	
14	75000001	80000000	41.8586	rgba(0,132, 0 ,1)	
14	60000001	65000000	41.6278	rgba(0,132, 0 ,1)	
14	70000001	75000000	41.3043	rgba(0,132, 0 ,1)	
14	105000001	107349540	41.6718	rgba(0,132, 0 ,1)	
14	90000001	95000000	41.9391	rgba(0,132, 0 ,1)	
14	85000001	90000000	42.2874	rgba(0,132, 0 ,1)	
14	80000001	85000000	41.7919	rgba(0,132, 0 ,1)	
14	95000001	100000000	42.5759	rgba(0,132, 0 ,1)	
14	100000001	105000000	41.9721	rgba(0,132, 0 ,1)	
15	25000001	30000000	41.7161	rgba(0,132, 0 ,1)	
15	30000001	35000000	41.9245	rgba(0,132, 0 ,1)	
15	40000001	45000000	41.0396	rgba(0,132, 0 ,1)	
15	35000001	40000000	42.0713	rgba(0,132, 0 ,1)	
15	20000001	25000000	41.3947	rgba(0,132, 0 ,1)	
15	45000001	50000000	42.1779	rgba(0,132, 0 ,1)	
15	50000001	55000000	41.7192	rgba(0,132, 0 ,1)	
15	55000001	60000000	41.5862	rgba(0,132, 0 ,1)	
15	60000001	65000000	41.8771	rgba(0,132, 0 ,1)	
15	65000001	70000000	41.6063	rgba(0,132, 0 ,1)	
15	70000001	75000000	42.3456	rgba(0,132, 0 ,1)	
15	100000001	102531392	42.6597	rgba(0,132, 0 ,1)	
15	75000001	80000000	42.0989	rgba(0,132, 0 ,1)	
15	80000001	85000000	40.0757	rgba(0,132, 0 ,1)	
15	85000001	90000000	41.8413	rgba(0,132, 0 ,1)	
16	35000001	40000000	4.55926	rgba(0,132, 0 ,1)	
16	40000001	45000000	0	rgba(0,132, 0 ,1)	
15	90000001	95000000	41.6042	rgba(0,132, 0 ,1)	
15	95000001	100000000	41.9518	rgba(0,132, 0 ,1)	
16	1	5000000	40.7078	rgba(0,132, 0 ,1)	
16	5000001	10000000	41.4858	rgba(0,132, 0 ,1)	
16	10000001	15000000	41.4806	rgba(0,132, 0 ,1)	
16	15000001	20000000	40.929	rgba(0,132, 0 ,1)	
16	20000001	25000000	42.4626	rgba(0,132, 0 ,1)	
16	90000001	90354753	34.6029	rgba(0,132, 0 ,1)	
16	25000001	30000000	41.3183	rgba(0,132, 0 ,1)	
16	50000001	55000000	42.068	rgba(0,132, 0 ,1)	
16	60000001	65000000	41.8606	rgba(0,132, 0 ,1)	
16	55000001	60000000	42.0357	rgba(0,132, 0 ,1)	
16	65000001	70000000	41.3179	rgba(0,132, 0 ,1)	
16	70000001	75000000	44.482	rgba(0,132, 0 ,1)	
16	75000001	80000000	41.6552	rgba(0,132, 0 ,1)	
16	80000001	85000000	42.2199	rgba(0,132, 0 ,1)	
16	85000001	90000000	41.9041	rgba(0,132, 0 ,1)	
17	1	5000000	39.6417	rgba(0,132, 0 ,1)	
17	5000001	10000000	41.3014	rgba(0,132, 0 ,1)	
16	30000001	35000000	64.815	rgba(255, 0, 0, 1)	64.815
17	10000001	15000000	41.6079	rgba(0,132, 0 ,1)	
17	15000001	20000000	41.7557	rgba(0,132, 0 ,1)	
17	20000001	25000000	36.195	rgba(0,132, 0 ,1)	
17	30000001	35000000	42.6283	rgba(0,132, 0 ,1)	
17	25000001	30000000	43.0334	rgba(0,132, 0 ,1)	
17	35000001	40000000	42.4084	rgba(0,132, 0 ,1)	
17	40000001	45000000	41.2813	rgba(0,132, 0 ,1)	
17	80000001	81195210	40.3004	rgba(0,132, 0 ,1)	
17	50000001	55000000	42.1471	rgba(0,132, 0 ,1)	
17	45000001	50000000	43.1831	rgba(0,132, 0 ,1)	
17	55000001	60000000	40.9089	rgba(0,132, 0 ,1)	
17	60000001	65000000	41.0927	rgba(0,132, 0 ,1)	
17	75000001	80000000	40.8541	rgba(0,132, 0 ,1)	
17	65000001	70000000	41.3657	rgba(0,132, 0 ,1)	
16	45000001	50000000	78.965	rgba(255, 0, 0, 1)	78.965
17	70000001	75000000	41.5868	rgba(0,132, 0 ,1)	
18	5000001	10000000	41.9582	rgba(0,132, 0 ,1)	
18	20000001	25000000	41.8973	rgba(0,132, 0 ,1)	
18	30000001	35000000	42.0303	rgba(0,132, 0 ,1)	
18	10000001	15000000	42.0841	rgba(0,132, 0 ,1)	
18	1	5000000	47.6678	rgba(0,132, 0 ,1)	
18	15000001	20000000	25.8451	rgba(0,132, 0 ,1)	
18	25000001	30000000	41.7902	rgba(0,132, 0 ,1)	
18	35000001	40000000	42.2236	rgba(0,132, 0 ,1)	
18	40000001	45000000	42.7356	rgba(0,132, 0 ,1)	
18	75000001	78077248	40.7664	rgba(0,132, 0 ,1)	
18	45000001	50000000	42.2627	rgba(0,132, 0 ,1)	
18	50000001	55000000	41.1463	rgba(0,132, 0 ,1)	
18	55000001	60000000	41.7947	rgba(0,132, 0 ,1)	
18	60000001	65000000	41.6585	rgba(0,132, 0 ,1)	
19	5000001	10000000	39.6633	rgba(0,132, 0 ,1)	
18	70000001	75000000	41.769	rgba(0,132, 0 ,1)	
18	65000001	70000000	41.4929	rgba(0,132, 0 ,1)	
19	1	5000000	39.2853	rgba(0,132, 0 ,1)	
19	10000001	15000000	40.1609	rgba(0,132, 0 ,1)	
19	15000001	20000000	40.584	rgba(0,132, 0 ,1)	
19	25000001	30000000	27.5076	rgba(0,132, 0 ,1)	
19	30000001	35000000	41.818	rgba(0,132, 0 ,1)	
19	20000001	25000000	40.4755	rgba(0,132, 0 ,1)	
19	40000001	45000000	41.5076	rgba(0,132, 0 ,1)	
19	35000001	40000000	42.9921	rgba(0,132, 0 ,1)	
19	55000001	59128983	40.5513	rgba(0,132, 0 ,1)	
19	50000001	55000000	41.4783	rgba(0,132, 0 ,1)	
20	10000001	15000000	42.1566	rgba(0,132, 0 ,1)	
19	45000001	50000000	41.3864	rgba(0,132, 0 ,1)	
20	1	5000000	41.1363	rgba(0,132, 0 ,1)	
20	5000001	10000000	42.0863	rgba(0,132, 0 ,1)	
21	1	5000000	0	rgba(0,132, 0 ,1)	
20	15000001	20000000	42.279	rgba(0,132, 0 ,1)	
20	60000001	63025520	40.2927	rgba(0,132, 0 ,1)	
21	5000001	10000000	17.5994	rgba(0,132, 0 ,1)	
20	25000001	30000000	27.3521	rgba(0,132, 0 ,1)	
20	20000001	25000000	42.8405	rgba(0,132, 0 ,1)	
20	35000001	40000000	42.193	rgba(0,132, 0 ,1)	
20	30000001	35000000	40.6607	rgba(0,132, 0 ,1)	
20	45000001	50000000	41.8627	rgba(0,132, 0 ,1)	
22	1	5000000	0	rgba(0,132, 0 ,1)	
22	5000001	10000000	0	rgba(0,132, 0 ,1)	
22	10000001	15000000	0	rgba(0,132, 0 ,1)	
20	50000001	55000000	41.6282	rgba(0,132, 0 ,1)	
20	55000001	60000000	42.6389	rgba(0,132, 0 ,1)	
20	40000001	45000000	42.3871	rgba(0,132, 0 ,1)	
21	45000001	48129895	41.9732	rgba(0,132, 0 ,1)	
21	15000001	20000000	42.3141	rgba(0,132, 0 ,1)	
21	40000001	45000000	41.5078	rgba(0,132, 0 ,1)	
21	25000001	30000000	41.7823	rgba(0,132, 0 ,1)	
21	20000001	25000000	41.4305	rgba(0,132, 0 ,1)	
21	30000001	35000000	41.9513	rgba(0,132, 0 ,1)	
21	35000001	40000000	41.8109	rgba(0,132, 0 ,1)	
21	10000001	15000000	52.7608	rgba(255, 0, 0, 1)	52.7608
22	50000001	51304566	37.2791	rgba(0,132, 0 ,1)	
22	30000001	35000000	41.619	rgba(0,132, 0 ,1)	
22	15000001	20000000	41.1452	rgba(0,132, 0 ,1)	
22	20000001	25000000	43.5898	rgba(0,132, 0 ,1)	
22	25000001	30000000	42.206	rgba(0,132, 0 ,1)	
X	1	5000000	18.3739	rgba(0,132, 0 ,1)	
X	5000001	10000000	20.9136	rgba(0,132, 0 ,1)	
X	10000001	15000000	20.9339	rgba(0,132, 0 ,1)	
X	15000001	20000000	20.9315	rgba(0,132, 0 ,1)	
22	40000001	45000000	41.3032	rgba(0,132, 0 ,1)	
22	35000001	40000000	41.2739	rgba(0,132, 0 ,1)	
22	45000001	50000000	42.6539	rgba(0,132, 0 ,1)	
X	20000001	25000000	20.7712	rgba(0,132, 0 ,1)	
X	30000001	35000000	20.9395	rgba(0,132, 0 ,1)	
X	25000001	30000000	20.8515	rgba(0,132, 0 ,1)	
X	35000001	40000000	20.841	rgba(0,132, 0 ,1)	
X	40000001	45000000	20.7157	rgba(0,132, 0 ,1)	
X	45000001	50000000	21.0523	rgba(0,132, 0 ,1)	
X	50000001	55000000	19.9412	rgba(0,132, 0 ,1)	
X	70000001	75000000	20.8756	rgba(0,132, 0 ,1)	
X	75000001	80000000	20.8199	rgba(0,132, 0 ,1)	
X	80000001	85000000	20.9737	rgba(0,132, 0 ,1)	
X	55000001	60000000	24.0133	rgba(0,132, 0 ,1)	
X	90000001	95000000	20.7879	rgba(0,132, 0 ,1)	
X	65000001	70000000	21.1585	rgba(0,132, 0 ,1)	
X	100000001	105000000	21.0892	rgba(0,132, 0 ,1)	
X	85000001	90000000	20.8338	rgba(0,132, 0 ,1)	
X	95000001	100000000	20.9145	rgba(0,132, 0 ,1)	
X	60000001	65000000	26.9	rgba(0,132, 0 ,1)	
X	155000001	155270560	20.9437	rgba(0,132, 0 ,1)	
X	105000001	110000000	21.6462	rgba(0,132, 0 ,1)	
X	110000001	115000000	21.0876	rgba(0,132, 0 ,1)	
X	115000001	120000000	20.8583	rgba(0,132, 0 ,1)	
X	120000001	125000000	20.5464	rgba(0,132, 0 ,1)	
X	125000001	130000000	21.0155	rgba(0,132, 0 ,1)	
X	140000001	145000000	20.6823	rgba(0,132, 0 ,1)	
Y	30000001	35000000	0	rgba(0,132, 0 ,1)	
X	145000001	150000000	20.9507	rgba(0,132, 0 ,1)	
Y	35000001	40000000	0	rgba(0,132, 0 ,1)	
Y	40000001	45000000	0	rgba(0,132, 0 ,1)	
Y	45000001	50000000	0	rgba(0,132, 0 ,1)	
Y	50000001	55000000	0	rgba(0,132, 0 ,1)	
X	130000001	135000000	21.2586	rgba(0,132, 0 ,1)	
X	150000001	155000000	20.6176	rgba(0,132, 0 ,1)	
X	135000001	140000000	21.2635	rgba(0,132, 0 ,1)	
Y	1	5000000	19.0334	rgba(0,132, 0 ,1)	
Y	5000001	10000000	26.7939	rgba(0,132, 0 ,1)	
Y	15000001	20000000	21.165	rgba(0,132, 0 ,1)	
Y	25000001	30000000	18.1653	rgba(0,132, 0 ,1)	
Y	20000001	25000000	21.2517	rgba(0,132, 0 ,1)	
Y	10000001	15000000	45.6313	rgba(0,132, 0 ,1)	
Y	55000001	59373566	63.7284	rgba(255, 0, 0, 1)	max(63.7284)
