ChrName	Start	End	Value	Color	Label
1	7500000	7500000	0.28	rgba(255, 185, 15, 0.8)	
1	12500000	12500000	0.13	rgba(255, 185, 15, 0.8)	
1	22500000	22500000	0.56	rgba(255, 185, 15, 0.8)	
1	27500000	27500000	0.44	rgba(255, 185, 15, 0.8)	
1	37500000	37500000	0.96	rgba(255, 0, 0, 0.768)	rs4
1	42500000	42500000	0.98	rgba(255, 0, 0, 0.784)	rs5
1	47500000	47500000	0.93	rgba(255, 0, 0, 0.744)	rs6
1	32500000	32500000	0.45	rgba(255, 185, 15, 0.8)	
1	52500000	52500000	0.77	rgba(255, 185, 15, 0.8)	
1	2500000	2500000	0.66	rgba(255, 185, 15, 0.8)	
1	17500000	17500000	0.42	rgba(255, 185, 15, 0.8)	
1	57500000	57500000	0.22	rgba(255, 185, 15, 0.8)	
1	62500000	62500000	0.76	rgba(255, 185, 15, 0.8)	
1	77500000	77500000	0.9	rgba(255, 0, 0, 0.72)	rs13
1	87500000	87500000	0.97	rgba(255, 0, 0, 0.776)	rs14
1	82500000	82500000	0.92	rgba(255, 0, 0, 0.736)	rs15
1	92500000	92500000	0.92	rgba(255, 0, 0, 0.736)	rs16
1	107500000	107500000	0.03	rgba(0, 255, 0, 0.776)	rs17
1	127500000	127500000	0.58	rgba(255, 185, 15, 0.8)	
1	132500000	132500000	0.97	rgba(255, 0, 0, 0.776)	rs19
1	97500000	97500000	0.49	rgba(255, 185, 15, 0.8)	
1	67500000	67500000	0.97	rgba(255, 0, 0, 0.776)	rs21
1	72500000	72500000	0.22	rgba(255, 185, 15, 0.8)	
1	137500000	137500000	0.96	rgba(255, 0, 0, 0.768)	rs23
1	112500000	112500000	0.72	rgba(255, 185, 15, 0.8)	
1	102500000	102500000	0.99	rgba(255, 0, 0, 0.792)	rs25
1	117500000	117500000	0.81	rgba(255, 0, 0, 0.648)	rs26
1	157500000	157500000	0.34	rgba(255, 185, 15, 0.8)	
1	172500000	172500000	0.25	rgba(255, 185, 15, 0.8)	
1	177500000	177500000	0.73	rgba(255, 185, 15, 0.8)	
1	142500000	142500000	0.93	rgba(255, 0, 0, 0.744)	rs30
1	187500000	187500000	0.84	rgba(255, 0, 0, 0.672)	rs31
1	152500000	152500000	0.19	rgba(255, 185, 15, 0.8)	
1	167500000	167500000	0.92	rgba(255, 0, 0, 0.736)	rs33
1	182500000	182500000	0.39	rgba(255, 185, 15, 0.8)	
1	147500000	147500000	0.54	rgba(255, 185, 15, 0.8)	
1	162500000	162500000	0.93	rgba(255, 0, 0, 0.744)	rs36
1	192500000	192500000	0.77	rgba(255, 185, 15, 0.8)	
1	122500000	122500000	0.19	rgba(255, 185, 15, 0.8)	
1	202500000	202500000	0.28	rgba(255, 185, 15, 0.8)	
1	207500000	207500000	0.56	rgba(255, 185, 15, 0.8)	
1	217500000	217500000	0.35	rgba(255, 185, 15, 0.8)	
1	222500000	222500000	0.7	rgba(255, 185, 15, 0.8)	
1	232500000	232500000	0.91	rgba(255, 0, 0, 0.728)	rs43
1	197500000	197500000	0.78	rgba(255, 185, 15, 0.8)	
1	237500000	237500000	0.48	rgba(255, 185, 15, 0.8)	
1	212500000	212500000	0.29	rgba(255, 185, 15, 0.8)	
1	227500000	227500000	0.14	rgba(255, 185, 15, 0.8)	
1	242500000	242500000	0.15	rgba(255, 185, 15, 0.8)	
1	247125311	247125311	0.92	rgba(255, 0, 0, 0.736)	rs49
2	2500000	2500000	0.42	rgba(255, 185, 15, 0.8)	
2	7500000	7500000	0.08	rgba(0, 255, 0, 0.736)	rs51
2	12500000	12500000	0.98	rgba(255, 0, 0, 0.784)	rs52
2	22500000	22500000	0.18	rgba(255, 185, 15, 0.8)	
2	52500000	52500000	0.77	rgba(255, 185, 15, 0.8)	
2	17500000	17500000	0.03	rgba(0, 255, 0, 0.776)	rs55
2	27500000	27500000	0.09	rgba(0, 255, 0, 0.728)	rs56
2	47500000	47500000	0.55	rgba(255, 185, 15, 0.8)	
2	42500000	42500000	0.87	rgba(255, 0, 0, 0.696)	rs58
2	32500000	32500000	0.46	rgba(255, 185, 15, 0.8)	
2	37500000	37500000	0.86	rgba(255, 0, 0, 0.688)	rs60
2	57500000	57500000	0.99	rgba(255, 0, 0, 0.792)	rs61
2	62500000	62500000	0.52	rgba(255, 185, 15, 0.8)	
2	67500000	67500000	0.94	rgba(255, 0, 0, 0.752)	rs63
2	72500000	72500000	0.48	rgba(255, 185, 15, 0.8)	
2	77500000	77500000	0.31	rgba(255, 185, 15, 0.8)	
2	112500000	112500000	0.59	rgba(255, 185, 15, 0.8)	
2	102500000	102500000	0.41	rgba(255, 185, 15, 0.8)	
2	82500000	82500000	0.29	rgba(255, 185, 15, 0.8)	
2	97500000	97500000	0.44	rgba(255, 185, 15, 0.8)	
2	107500000	107500000	0.88	rgba(255, 0, 0, 0.704)	rs70
2	117500000	117500000	0.16	rgba(255, 185, 15, 0.8)	
2	87500000	87500000	0.47	rgba(255, 185, 15, 0.8)	
2	122500000	122500000	0.11	rgba(255, 185, 15, 0.8)	
2	127500000	127500000	0.66	rgba(255, 185, 15, 0.8)	
2	137500000	137500000	0.65	rgba(255, 185, 15, 0.8)	
2	142500000	142500000	0.57	rgba(255, 185, 15, 0.8)	
2	147500000	147500000	0.54	rgba(255, 185, 15, 0.8)	
2	152500000	152500000	0.13	rgba(255, 185, 15, 0.8)	
2	92500000	92500000	0.57	rgba(255, 185, 15, 0.8)	
2	157500000	157500000	0.35	rgba(255, 185, 15, 0.8)	
2	162500000	162500000	0.68	rgba(255, 185, 15, 0.8)	
2	167500000	167500000	0.71	rgba(255, 185, 15, 0.8)	
2	172500000	172500000	0.92	rgba(255, 0, 0, 0.736)	rs83
2	177500000	177500000	0.89	rgba(255, 0, 0, 0.712)	rs84
2	182500000	182500000	0.61	rgba(255, 185, 15, 0.8)	
2	132500000	132500000	0.86	rgba(255, 0, 0, 0.688)	rs86
2	202500000	202500000	0.19	rgba(255, 185, 15, 0.8)	
2	187500000	187500000	0.1	rgba(0, 255, 0, 0.72)	rs88
2	192500000	192500000	0.66	rgba(255, 185, 15, 0.8)	
2	207500000	207500000	0.85	rgba(255, 0, 0, 0.68)	rs90
2	197500000	197500000	0.32	rgba(255, 185, 15, 0.8)	
2	212500000	212500000	0.32	rgba(255, 185, 15, 0.8)	
2	217500000	217500000	0.6	rgba(255, 185, 15, 0.8)	
2	222500000	222500000	0.02	rgba(0, 255, 0, 0.784)	rs94
2	227500000	227500000	0.89	rgba(255, 0, 0, 0.712)	rs95
2	232500000	232500000	0.42	rgba(255, 185, 15, 0.8)	
2	241599687	241599687	0.95	rgba(255, 0, 0, 0.76)	rs97
2	237500000	237500000	0.32	rgba(255, 185, 15, 0.8)	
3	12500000	12500000	0.35	rgba(255, 185, 15, 0.8)	
3	7500000	7500000	0.29	rgba(255, 185, 15, 0.8)	
3	2500000	2500000	0.62	rgba(255, 185, 15, 0.8)	
3	17500000	17500000	0.69	rgba(255, 185, 15, 0.8)	
3	27500000	27500000	0.91	rgba(255, 0, 0, 0.728)	rs103
3	22500000	22500000	0.67	rgba(255, 185, 15, 0.8)	
3	32500000	32500000	0.92	rgba(255, 0, 0, 0.736)	rs105
3	37500000	37500000	0.11	rgba(255, 185, 15, 0.8)	
3	42500000	42500000	0.73	rgba(255, 185, 15, 0.8)	
3	47500000	47500000	0.85	rgba(255, 0, 0, 0.68)	rs108
3	52500000	52500000	0.36	rgba(255, 185, 15, 0.8)	
3	57500000	57500000	0.76	rgba(255, 185, 15, 0.8)	
3	92500000	92500000	0.96	rgba(255, 0, 0, 0.768)	rs111
3	62500000	62500000	0.67	rgba(255, 185, 15, 0.8)	
3	72500000	72500000	0.49	rgba(255, 185, 15, 0.8)	
3	67500000	67500000	0.33	rgba(255, 185, 15, 0.8)	
3	87500000	87500000	0.86	rgba(255, 0, 0, 0.688)	rs115
3	77500000	77500000	0.41	rgba(255, 185, 15, 0.8)	
3	82500000	82500000	0.85	rgba(255, 0, 0, 0.68)	rs117
3	102500000	102500000	0.71	rgba(255, 185, 15, 0.8)	
3	97500000	97500000	0.94	rgba(255, 0, 0, 0.752)	rs119
3	107500000	107500000	0.81	rgba(255, 0, 0, 0.648)	rs120
3	112500000	112500000	0.29	rgba(255, 185, 15, 0.8)	
3	117500000	117500000	0.14	rgba(255, 185, 15, 0.8)	
3	122500000	122500000	0.3	rgba(255, 185, 15, 0.8)	
3	127500000	127500000	0.1	rgba(0, 255, 0, 0.72)	rs124
3	132500000	132500000	0.15	rgba(255, 185, 15, 0.8)	
3	137500000	137500000	0.03	rgba(0, 255, 0, 0.776)	rs126
3	142500000	142500000	0.77	rgba(255, 185, 15, 0.8)	
3	147500000	147500000	0.13	rgba(255, 185, 15, 0.8)	
3	152500000	152500000	0.61	rgba(255, 185, 15, 0.8)	
3	157500000	157500000	0.19	rgba(255, 185, 15, 0.8)	
3	162500000	162500000	0.94	rgba(255, 0, 0, 0.752)	rs131
3	167500000	167500000	0.62	rgba(255, 185, 15, 0.8)	
3	172500000	172500000	0.17	rgba(255, 185, 15, 0.8)	
3	177500000	177500000	0.62	rgba(255, 185, 15, 0.8)	
3	196511215	196511215	0.38	rgba(255, 185, 15, 0.8)	
3	187500000	187500000	0.37	rgba(255, 185, 15, 0.8)	
3	182500000	182500000	0.79	rgba(255, 185, 15, 0.8)	
3	192500000	192500000	0.27	rgba(255, 185, 15, 0.8)	
4	12500000	12500000	0.41	rgba(255, 185, 15, 0.8)	
4	2500000	2500000	0.27	rgba(255, 185, 15, 0.8)	
4	7500000	7500000	0.52	rgba(255, 185, 15, 0.8)	
4	52500000	52500000	0.0	rgba(0, 255, 0, 0.8)	rs142
4	17500000	17500000	0.53	rgba(255, 185, 15, 0.8)	
4	22500000	22500000	0.6	rgba(255, 185, 15, 0.8)	
4	27500000	27500000	0.19	rgba(255, 185, 15, 0.8)	
4	37500000	37500000	0.67	rgba(255, 185, 15, 0.8)	
4	32500000	32500000	0.4	rgba(255, 185, 15, 0.8)	
4	42500000	42500000	0.89	rgba(255, 0, 0, 0.712)	rs148
4	57500000	57500000	0.37	rgba(255, 185, 15, 0.8)	
4	62500000	62500000	0.47	rgba(255, 185, 15, 0.8)	
4	77500000	77500000	0.35	rgba(255, 185, 15, 0.8)	
4	72500000	72500000	0.34	rgba(255, 185, 15, 0.8)	
4	67500000	67500000	0.71	rgba(255, 185, 15, 0.8)	
4	87500000	87500000	0.35	rgba(255, 185, 15, 0.8)	
4	82500000	82500000	0.87	rgba(255, 0, 0, 0.696)	rs155
4	92500000	92500000	0.2	rgba(255, 185, 15, 0.8)	
4	97500000	97500000	0.63	rgba(255, 185, 15, 0.8)	
4	102500000	102500000	0.13	rgba(255, 185, 15, 0.8)	
4	107500000	107500000	0.8	rgba(255, 0, 0, 0.64)	rs159
4	112500000	112500000	0.04	rgba(0, 255, 0, 0.768)	rs160
4	117500000	117500000	0.36	rgba(255, 185, 15, 0.8)	
4	122500000	122500000	0.97	rgba(255, 0, 0, 0.776)	rs162
4	127500000	127500000	0.63	rgba(255, 185, 15, 0.8)	
4	132500000	132500000	0.93	rgba(255, 0, 0, 0.744)	rs164
4	142500000	142500000	0.5	rgba(255, 185, 15, 0.8)	
4	137500000	137500000	0.77	rgba(255, 185, 15, 0.8)	
4	147500000	147500000	0.34	rgba(255, 185, 15, 0.8)	
4	157500000	157500000	0.67	rgba(255, 185, 15, 0.8)	
4	162500000	162500000	0.39	rgba(255, 185, 15, 0.8)	
4	152500000	152500000	0.74	rgba(255, 185, 15, 0.8)	
4	190577138	190577138	0.16	rgba(255, 185, 15, 0.8)	
4	167500000	167500000	0.48	rgba(255, 185, 15, 0.8)	
4	172500000	172500000	0.9	rgba(255, 0, 0, 0.72)	rs173
4	182500000	182500000	0.09	rgba(0, 255, 0, 0.728)	rs174
4	177500000	177500000	0.19	rgba(255, 185, 15, 0.8)	
4	187500000	187500000	0.89	rgba(255, 0, 0, 0.712)	rs176
5	7500000	7500000	0.42	rgba(255, 185, 15, 0.8)	
5	2500000	2500000	0.62	rgba(255, 185, 15, 0.8)	
5	22500000	22500000	0.54	rgba(255, 185, 15, 0.8)	
5	12500000	12500000	0.66	rgba(255, 185, 15, 0.8)	
5	17500000	17500000	0.01	rgba(0, 255, 0, 0.792)	rs181
4	47500000	47500000	0.83	rgba(255, 0, 0, 0.664)	rs182
5	27500000	27500000	0.84	rgba(255, 0, 0, 0.672)	rs183
5	32500000	32500000	0.95	rgba(255, 0, 0, 0.76)	rs184
5	47500000	47500000	0.95	rgba(255, 0, 0, 0.76)	rs185
5	42500000	42500000	0.57	rgba(255, 185, 15, 0.8)	
5	37500000	37500000	0.24	rgba(255, 185, 15, 0.8)	
5	52500000	52500000	0.75	rgba(255, 185, 15, 0.8)	
5	67500000	67500000	0.83	rgba(255, 0, 0, 0.664)	rs189
5	57500000	57500000	0.56	rgba(255, 185, 15, 0.8)	
5	72500000	72500000	0.02	rgba(0, 255, 0, 0.784)	rs191
5	62500000	62500000	0.76	rgba(255, 185, 15, 0.8)	
5	77500000	77500000	0.33	rgba(255, 185, 15, 0.8)	
5	82500000	82500000	0.5	rgba(255, 185, 15, 0.8)	
5	87500000	87500000	0.04	rgba(0, 255, 0, 0.768)	rs195
5	92500000	92500000	0.2	rgba(255, 185, 15, 0.8)	
5	97500000	97500000	0.2	rgba(255, 185, 15, 0.8)	
5	102500000	102500000	0.46	rgba(255, 185, 15, 0.8)	
5	107500000	107500000	0.97	rgba(255, 0, 0, 0.776)	rs199
5	112500000	112500000	0.13	rgba(255, 185, 15, 0.8)	
5	117500000	117500000	0.2	rgba(255, 185, 15, 0.8)	
5	132500000	132500000	0.71	rgba(255, 185, 15, 0.8)	
5	127500000	127500000	0.09	rgba(0, 255, 0, 0.728)	rs203
5	122500000	122500000	0.0	rgba(0, 255, 0, 0.8)	rs204
5	137500000	137500000	0.83	rgba(255, 0, 0, 0.664)	rs205
5	142500000	142500000	0.32	rgba(255, 185, 15, 0.8)	
5	180457630	180457630	1.0	rgba(255, 0, 0, 0.8)	rs207
5	147500000	147500000	0.44	rgba(255, 185, 15, 0.8)	
5	152500000	152500000	0.84	rgba(255, 0, 0, 0.672)	rs209
5	157500000	157500000	0.23	rgba(255, 185, 15, 0.8)	
5	162500000	162500000	0.63	rgba(255, 185, 15, 0.8)	
5	172500000	172500000	0.6	rgba(255, 185, 15, 0.8)	
5	167500000	167500000	0.92	rgba(255, 0, 0, 0.736)	rs213
6	7500000	7500000	0.2	rgba(255, 185, 15, 0.8)	
5	177500000	177500000	0.06	rgba(0, 255, 0, 0.752)	rs215
6	2500000	2500000	0.96	rgba(255, 0, 0, 0.768)	rs216
6	17500000	17500000	0.73	rgba(255, 185, 15, 0.8)	
6	12500000	12500000	0.29	rgba(255, 185, 15, 0.8)	
6	22500000	22500000	0.67	rgba(255, 185, 15, 0.8)	
6	27500000	27500000	0.1	rgba(0, 255, 0, 0.72)	rs220
6	32500000	32500000	0.41	rgba(255, 185, 15, 0.8)	
6	37500000	37500000	0.85	rgba(255, 0, 0, 0.68)	rs222
6	42500000	42500000	0.26	rgba(255, 185, 15, 0.8)	
6	47500000	47500000	0.92	rgba(255, 0, 0, 0.736)	rs224
6	52500000	52500000	0.79	rgba(255, 185, 15, 0.8)	
6	62500000	62500000	0.18	rgba(255, 185, 15, 0.8)	
6	72500000	72500000	0.85	rgba(255, 0, 0, 0.68)	rs227
6	77500000	77500000	0.52	rgba(255, 185, 15, 0.8)	
6	67500000	67500000	0.12	rgba(255, 185, 15, 0.8)	
6	57500000	57500000	0.68	rgba(255, 185, 15, 0.8)	
6	82500000	82500000	0.3	rgba(255, 185, 15, 0.8)	
6	87500000	87500000	0.09	rgba(0, 255, 0, 0.728)	rs232
6	92500000	92500000	0.93	rgba(255, 0, 0, 0.744)	rs233
6	102500000	102500000	0.62	rgba(255, 185, 15, 0.8)	
6	97500000	97500000	0.1	rgba(0, 255, 0, 0.72)	rs235
6	112500000	112500000	0.11	rgba(255, 185, 15, 0.8)	
6	107500000	107500000	0.84	rgba(255, 0, 0, 0.672)	rs237
6	117500000	117500000	0.71	rgba(255, 185, 15, 0.8)	
6	122500000	122500000	0.22	rgba(255, 185, 15, 0.8)	
6	132500000	132500000	0.45	rgba(255, 185, 15, 0.8)	
6	127500000	127500000	0.98	rgba(255, 0, 0, 0.784)	rs241
6	170557534	170557534	0.55	rgba(255, 185, 15, 0.8)	
6	137500000	137500000	0.07	rgba(0, 255, 0, 0.744)	rs243
6	142500000	142500000	0.35	rgba(255, 185, 15, 0.8)	
6	147500000	147500000	0.62	rgba(255, 185, 15, 0.8)	
6	152500000	152500000	0.7	rgba(255, 185, 15, 0.8)	
6	157500000	157500000	0.71	rgba(255, 185, 15, 0.8)	
6	167500000	167500000	0.26	rgba(255, 185, 15, 0.8)	
6	162500000	162500000	0.42	rgba(255, 185, 15, 0.8)	
7	22500000	22500000	0.55	rgba(255, 185, 15, 0.8)	
7	12500000	12500000	0.15	rgba(255, 185, 15, 0.8)	
7	7500000	7500000	0.18	rgba(255, 185, 15, 0.8)	
7	2500000	2500000	0.29	rgba(255, 185, 15, 0.8)	
7	17500000	17500000	0.61	rgba(255, 185, 15, 0.8)	
7	27500000	27500000	0.17	rgba(255, 185, 15, 0.8)	
7	32500000	32500000	0.87	rgba(255, 0, 0, 0.696)	rs256
7	42500000	42500000	0.58	rgba(255, 185, 15, 0.8)	
7	37500000	37500000	0.13	rgba(255, 185, 15, 0.8)	
7	47500000	47500000	0.43	rgba(255, 185, 15, 0.8)	
7	52500000	52500000	0.8	rgba(255, 0, 0, 0.64)	rs260
7	57500000	57500000	0.83	rgba(255, 0, 0, 0.664)	rs261
7	87500000	87500000	0.74	rgba(255, 185, 15, 0.8)	
7	72500000	72500000	0.36	rgba(255, 185, 15, 0.8)	
7	67500000	67500000	0.56	rgba(255, 185, 15, 0.8)	
7	82500000	82500000	0.68	rgba(255, 185, 15, 0.8)	
7	92500000	92500000	0.87	rgba(255, 0, 0, 0.696)	rs266
7	77500000	77500000	0.01	rgba(0, 255, 0, 0.792)	rs267
7	97500000	97500000	0.9	rgba(255, 0, 0, 0.72)	rs268
7	62500000	62500000	0.43	rgba(255, 185, 15, 0.8)	
7	107500000	107500000	0.02	rgba(0, 255, 0, 0.784)	rs270
7	112500000	112500000	0.21	rgba(255, 185, 15, 0.8)	
7	102500000	102500000	0.6	rgba(255, 185, 15, 0.8)	
7	117500000	117500000	0.17	rgba(255, 185, 15, 0.8)	
7	122500000	122500000	0.89	rgba(255, 0, 0, 0.712)	rs274
7	127500000	127500000	0.58	rgba(255, 185, 15, 0.8)	
7	132500000	132500000	0.92	rgba(255, 0, 0, 0.736)	rs276
7	137500000	137500000	0.26	rgba(255, 185, 15, 0.8)	
7	142500000	142500000	0.0	rgba(0, 255, 0, 0.8)	rs278
7	147500000	147500000	0.94	rgba(255, 0, 0, 0.752)	rs279
7	157069332	157069332	0.71	rgba(255, 185, 15, 0.8)	
7	152500000	152500000	0.8	rgba(255, 0, 0, 0.64)	rs281
8	2500000	2500000	0.81	rgba(255, 0, 0, 0.648)	rs282
8	7500000	7500000	0.58	rgba(255, 185, 15, 0.8)	
8	17500000	17500000	0.33	rgba(255, 185, 15, 0.8)	
8	12500000	12500000	0.96	rgba(255, 0, 0, 0.768)	rs285
8	22500000	22500000	0.86	rgba(255, 0, 0, 0.688)	rs286
8	27500000	27500000	0.2	rgba(255, 185, 15, 0.8)	
8	32500000	32500000	0.92	rgba(255, 0, 0, 0.736)	rs288
8	37500000	37500000	0.29	rgba(255, 185, 15, 0.8)	
8	52500000	52500000	0.15	rgba(255, 185, 15, 0.8)	
8	57500000	57500000	0.06	rgba(0, 255, 0, 0.752)	rs291
8	47500000	47500000	0.34	rgba(255, 185, 15, 0.8)	
8	77500000	77500000	0.4	rgba(255, 185, 15, 0.8)	
8	72500000	72500000	0.17	rgba(255, 185, 15, 0.8)	
8	67500000	67500000	0.22	rgba(255, 185, 15, 0.8)	
8	62500000	62500000	0.04	rgba(0, 255, 0, 0.768)	rs296
8	82500000	82500000	1.0	rgba(255, 0, 0, 0.8)	rs297
8	42500000	42500000	0.77	rgba(255, 185, 15, 0.8)	
8	92500000	92500000	0.95	rgba(255, 0, 0, 0.76)	rs299
8	97500000	97500000	0.89	rgba(255, 0, 0, 0.712)	rs300
8	102500000	102500000	0.47	rgba(255, 185, 15, 0.8)	
8	112500000	112500000	0.9	rgba(255, 0, 0, 0.72)	rs302
8	87500000	87500000	0.55	rgba(255, 185, 15, 0.8)	
8	145682011	145682011	0.68	rgba(255, 185, 15, 0.8)	
8	107500000	107500000	0.1	rgba(0, 255, 0, 0.72)	rs305
8	117500000	117500000	0.86	rgba(255, 0, 0, 0.688)	rs306
8	122500000	122500000	0.2	rgba(255, 185, 15, 0.8)	
8	127500000	127500000	0.17	rgba(255, 185, 15, 0.8)	
8	132500000	132500000	0.16	rgba(255, 185, 15, 0.8)	
8	137500000	137500000	0.58	rgba(255, 185, 15, 0.8)	
9	52500000	52500000	0.17	rgba(255, 185, 15, 0.8)	
9	57500000	57500000	0.54	rgba(255, 185, 15, 0.8)	
9	2500000	2500000	0.53	rgba(255, 185, 15, 0.8)	
9	62500000	62500000	0.34	rgba(255, 185, 15, 0.8)	
9	47500000	47500000	0.13	rgba(255, 185, 15, 0.8)	
8	142500000	142500000	0.06	rgba(0, 255, 0, 0.752)	rs316
9	7500000	7500000	0.62	rgba(255, 185, 15, 0.8)	
9	12500000	12500000	0.18	rgba(255, 185, 15, 0.8)	
9	17500000	17500000	0.99	rgba(255, 0, 0, 0.792)	rs319
9	22500000	22500000	0.95	rgba(255, 0, 0, 0.76)	rs320
9	42500000	42500000	0.82	rgba(255, 0, 0, 0.656)	rs321
9	32500000	32500000	0.96	rgba(255, 0, 0, 0.768)	rs322
9	37500000	37500000	0.2	rgba(255, 185, 15, 0.8)	
9	27500000	27500000	0.24	rgba(255, 185, 15, 0.8)	
9	77500000	77500000	0.86	rgba(255, 0, 0, 0.688)	rs325
9	82500000	82500000	0.86	rgba(255, 0, 0, 0.688)	rs326
9	92500000	92500000	0.69	rgba(255, 185, 15, 0.8)	
9	87500000	87500000	0.07	rgba(0, 255, 0, 0.744)	rs328
9	97500000	97500000	0.14	rgba(255, 185, 15, 0.8)	
9	72500000	72500000	0.47	rgba(255, 185, 15, 0.8)	
9	102500000	102500000	0.87	rgba(255, 0, 0, 0.696)	rs331
9	107500000	107500000	0.43	rgba(255, 185, 15, 0.8)	
9	112500000	112500000	0.24	rgba(255, 185, 15, 0.8)	
9	140606716	140606716	0.88	rgba(255, 0, 0, 0.704)	rs334
9	117500000	117500000	0.42	rgba(255, 185, 15, 0.8)	
9	122500000	122500000	0.67	rgba(255, 185, 15, 0.8)	
9	132500000	132500000	0.74	rgba(255, 185, 15, 0.8)	
9	137500000	137500000	0.85	rgba(255, 0, 0, 0.68)	rs338
9	127500000	127500000	0.02	rgba(0, 255, 0, 0.784)	rs339
10	2500000	2500000	0.12	rgba(255, 185, 15, 0.8)	
10	7500000	7500000	0.43	rgba(255, 185, 15, 0.8)	
9	67500000	67500000	0.63	rgba(255, 185, 15, 0.8)	
10	12500000	12500000	0.33	rgba(255, 185, 15, 0.8)	
10	32500000	32500000	0.78	rgba(255, 185, 15, 0.8)	
10	17500000	17500000	0.14	rgba(255, 185, 15, 0.8)	
10	27500000	27500000	0.16	rgba(255, 185, 15, 0.8)	
10	22500000	22500000	0.16	rgba(255, 185, 15, 0.8)	
10	47500000	47500000	0.46	rgba(255, 185, 15, 0.8)	
10	52500000	52500000	0.44	rgba(255, 185, 15, 0.8)	
10	37500000	37500000	0.3	rgba(255, 185, 15, 0.8)	
10	57500000	57500000	0.2	rgba(255, 185, 15, 0.8)	
10	77500000	77500000	0.56	rgba(255, 185, 15, 0.8)	
10	67500000	67500000	0.59	rgba(255, 185, 15, 0.8)	
10	62500000	62500000	0.22	rgba(255, 185, 15, 0.8)	
10	72500000	72500000	0.71	rgba(255, 185, 15, 0.8)	
10	82500000	82500000	0.71	rgba(255, 185, 15, 0.8)	
10	87500000	87500000	0.39	rgba(255, 185, 15, 0.8)	
10	92500000	92500000	0.7	rgba(255, 185, 15, 0.8)	
10	135267374	135267374	0.23	rgba(255, 185, 15, 0.8)	
10	97500000	97500000	0.06	rgba(0, 255, 0, 0.752)	rs360
10	102500000	102500000	0.32	rgba(255, 185, 15, 0.8)	
10	107500000	107500000	0.88	rgba(255, 0, 0, 0.704)	rs362
10	112500000	112500000	0.29	rgba(255, 185, 15, 0.8)	
10	122500000	122500000	0.84	rgba(255, 0, 0, 0.672)	rs364
10	117500000	117500000	0.64	rgba(255, 185, 15, 0.8)	
10	127500000	127500000	0.19	rgba(255, 185, 15, 0.8)	
11	2500000	2500000	0.76	rgba(255, 185, 15, 0.8)	
11	7500000	7500000	0.84	rgba(255, 0, 0, 0.672)	rs368
10	132500000	132500000	0.33	rgba(255, 185, 15, 0.8)	
11	12500000	12500000	0.89	rgba(255, 0, 0, 0.712)	rs370
11	17500000	17500000	0.33	rgba(255, 185, 15, 0.8)	
11	22500000	22500000	0.59	rgba(255, 185, 15, 0.8)	
11	27500000	27500000	0.42	rgba(255, 185, 15, 0.8)	
11	42500000	42500000	0.72	rgba(255, 185, 15, 0.8)	
11	37500000	37500000	0.04	rgba(0, 255, 0, 0.768)	rs375
11	32500000	32500000	0.95	rgba(255, 0, 0, 0.76)	rs376
11	52500000	52500000	0.32	rgba(255, 185, 15, 0.8)	
11	47500000	47500000	0.8	rgba(255, 0, 0, 0.64)	rs378
11	57500000	57500000	0.48	rgba(255, 185, 15, 0.8)	
11	67500000	67500000	0.12	rgba(255, 185, 15, 0.8)	
11	62500000	62500000	0.18	rgba(255, 185, 15, 0.8)	
10	42500000	42500000	0.22	rgba(255, 185, 15, 0.8)	
11	72500000	72500000	0.33	rgba(255, 185, 15, 0.8)	
11	77500000	77500000	0.41	rgba(255, 185, 15, 0.8)	
11	135003258	135003258	0.58	rgba(255, 185, 15, 0.8)	
11	82500000	82500000	0.69	rgba(255, 185, 15, 0.8)	
11	97500000	97500000	0.15	rgba(255, 185, 15, 0.8)	
11	87500000	87500000	0.83	rgba(255, 0, 0, 0.664)	rs388
11	107500000	107500000	0.39	rgba(255, 185, 15, 0.8)	
11	102500000	102500000	0.55	rgba(255, 185, 15, 0.8)	
11	92500000	92500000	0.97	rgba(255, 0, 0, 0.776)	rs391
11	117500000	117500000	0.22	rgba(255, 185, 15, 0.8)	
11	112500000	112500000	0.8	rgba(255, 0, 0, 0.64)	rs393
11	122500000	122500000	0.43	rgba(255, 185, 15, 0.8)	
11	127500000	127500000	0.24	rgba(255, 185, 15, 0.8)	
11	132500000	132500000	0.29	rgba(255, 185, 15, 0.8)	
12	2500000	2500000	0.36	rgba(255, 185, 15, 0.8)	
12	12500000	12500000	0.57	rgba(255, 185, 15, 0.8)	
12	37500000	37500000	0.18	rgba(255, 185, 15, 0.8)	
12	17500000	17500000	0.18	rgba(255, 185, 15, 0.8)	
12	7500000	7500000	0.63	rgba(255, 185, 15, 0.8)	
12	22500000	22500000	0.26	rgba(255, 185, 15, 0.8)	
12	27500000	27500000	0.37	rgba(255, 185, 15, 0.8)	
12	32500000	32500000	0.76	rgba(255, 185, 15, 0.8)	
12	42500000	42500000	0.19	rgba(255, 185, 15, 0.8)	
12	47500000	47500000	0.87	rgba(255, 0, 0, 0.696)	rs406
12	52500000	52500000	0.13	rgba(255, 185, 15, 0.8)	
12	62500000	62500000	0.58	rgba(255, 185, 15, 0.8)	
12	57500000	57500000	0.01	rgba(0, 255, 0, 0.792)	rs409
12	67500000	67500000	0.32	rgba(255, 185, 15, 0.8)	
12	77500000	77500000	0.33	rgba(255, 185, 15, 0.8)	
12	72500000	72500000	0.67	rgba(255, 185, 15, 0.8)	
13	2500000	2500000	0.67	rgba(255, 185, 15, 0.8)	
13	7500000	7500000	0.08	rgba(0, 255, 0, 0.736)	rs414
13	12500000	12500000	0.32	rgba(255, 185, 15, 0.8)	
12	82500000	82500000	0.74	rgba(255, 185, 15, 0.8)	
12	87500000	87500000	0.75	rgba(255, 185, 15, 0.8)	
12	92500000	92500000	0.55	rgba(255, 185, 15, 0.8)	
13	17500000	17500000	0.89	rgba(255, 0, 0, 0.712)	rs419
12	97500000	97500000	0.13	rgba(255, 185, 15, 0.8)	
12	102500000	102500000	0.71	rgba(255, 185, 15, 0.8)	
12	107500000	107500000	0.36	rgba(255, 185, 15, 0.8)	
12	112500000	112500000	0.96	rgba(255, 0, 0, 0.768)	rs423
12	122500000	122500000	0.34	rgba(255, 185, 15, 0.8)	
12	131925948	131925948	0.87	rgba(255, 0, 0, 0.696)	rs425
12	117500000	117500000	0.14	rgba(255, 185, 15, 0.8)	
12	127500000	127500000	0.9	rgba(255, 0, 0, 0.72)	rs427
13	42500000	42500000	0.18	rgba(255, 185, 15, 0.8)	
13	22500000	22500000	0.46	rgba(255, 185, 15, 0.8)	
13	27500000	27500000	0.97	rgba(255, 0, 0, 0.776)	rs430
13	37500000	37500000	0.93	rgba(255, 0, 0, 0.744)	rs431
13	32500000	32500000	0.32	rgba(255, 185, 15, 0.8)	
13	52500000	52500000	0.64	rgba(255, 185, 15, 0.8)	
13	47500000	47500000	0.6	rgba(255, 185, 15, 0.8)	
13	57500000	57500000	0.92	rgba(255, 0, 0, 0.736)	rs435
13	67500000	67500000	0.51	rgba(255, 185, 15, 0.8)	
13	62500000	62500000	0.64	rgba(255, 185, 15, 0.8)	
14	2500000	2500000	0.08	rgba(0, 255, 0, 0.736)	rs438
14	7500000	7500000	0.65	rgba(255, 185, 15, 0.8)	
13	115084939	115084939	0.79	rgba(255, 185, 15, 0.8)	
14	12500000	12500000	0.14	rgba(255, 185, 15, 0.8)	
13	72500000	72500000	0.52	rgba(255, 185, 15, 0.8)	
13	77500000	77500000	0.53	rgba(255, 185, 15, 0.8)	
14	17500000	17500000	0.34	rgba(255, 185, 15, 0.8)	
13	82500000	82500000	0.59	rgba(255, 185, 15, 0.8)	
13	87500000	87500000	0.48	rgba(255, 185, 15, 0.8)	
13	92500000	92500000	0.42	rgba(255, 185, 15, 0.8)	
13	97500000	97500000	0.32	rgba(255, 185, 15, 0.8)	
13	102500000	102500000	0.52	rgba(255, 185, 15, 0.8)	
13	107500000	107500000	0.9	rgba(255, 0, 0, 0.72)	rs450
13	112500000	112500000	0.57	rgba(255, 185, 15, 0.8)	
14	22500000	22500000	0.61	rgba(255, 185, 15, 0.8)	
14	27500000	27500000	0.91	rgba(255, 0, 0, 0.728)	rs453
14	32500000	32500000	0.15	rgba(255, 185, 15, 0.8)	
14	37500000	37500000	0.79	rgba(255, 185, 15, 0.8)	
14	42500000	42500000	0.19	rgba(255, 185, 15, 0.8)	
14	47500000	47500000	0.75	rgba(255, 185, 15, 0.8)	
14	57500000	57500000	0.26	rgba(255, 185, 15, 0.8)	
15	2500000	2500000	0.56	rgba(255, 185, 15, 0.8)	
15	7500000	7500000	0.83	rgba(255, 0, 0, 0.664)	rs460
14	52500000	52500000	0.01	rgba(0, 255, 0, 0.792)	rs461
15	12500000	12500000	0.09	rgba(0, 255, 0, 0.728)	rs462
15	17500000	17500000	0.91	rgba(255, 0, 0, 0.728)	rs463
14	67500000	67500000	0.59	rgba(255, 185, 15, 0.8)	
14	77500000	77500000	0.9	rgba(255, 0, 0, 0.72)	rs465
14	62500000	62500000	0.17	rgba(255, 185, 15, 0.8)	
14	72500000	72500000	0.8	rgba(255, 0, 0, 0.64)	rs467
14	106174770	106174770	0.83	rgba(255, 0, 0, 0.664)	rs468
14	92500000	92500000	0.91	rgba(255, 0, 0, 0.728)	rs469
14	87500000	87500000	0.33	rgba(255, 185, 15, 0.8)	
14	82500000	82500000	0.67	rgba(255, 185, 15, 0.8)	
14	97500000	97500000	0.41	rgba(255, 185, 15, 0.8)	
14	102500000	102500000	0.75	rgba(255, 185, 15, 0.8)	
15	27500000	27500000	0.67	rgba(255, 185, 15, 0.8)	
15	32500000	32500000	0.53	rgba(255, 185, 15, 0.8)	
15	42500000	42500000	0.07	rgba(0, 255, 0, 0.744)	rs476
15	37500000	37500000	0.93	rgba(255, 0, 0, 0.744)	rs477
15	22500000	22500000	0.48	rgba(255, 185, 15, 0.8)	
15	47500000	47500000	0.32	rgba(255, 185, 15, 0.8)	
15	52500000	52500000	0.3	rgba(255, 185, 15, 0.8)	
15	57500000	57500000	0.8	rgba(255, 0, 0, 0.64)	rs481
15	62500000	62500000	0.79	rgba(255, 185, 15, 0.8)	
15	67500000	67500000	0.21	rgba(255, 185, 15, 0.8)	
15	72500000	72500000	0.8	rgba(255, 0, 0, 0.64)	rs484
15	101265696	101265696	0.66	rgba(255, 185, 15, 0.8)	
15	77500000	77500000	0.57	rgba(255, 185, 15, 0.8)	
15	82500000	82500000	0.45	rgba(255, 185, 15, 0.8)	
15	87500000	87500000	0.29	rgba(255, 185, 15, 0.8)	
16	37500000	37500000	0.12	rgba(255, 185, 15, 0.8)	
16	42500000	42500000	0.59	rgba(255, 185, 15, 0.8)	
15	92500000	92500000	0.38	rgba(255, 185, 15, 0.8)	
15	97500000	97500000	0.1	rgba(0, 255, 0, 0.72)	rs492
16	2500000	2500000	0.42	rgba(255, 185, 15, 0.8)	
16	7500000	7500000	0.37	rgba(255, 185, 15, 0.8)	
16	12500000	12500000	0.13	rgba(255, 185, 15, 0.8)	
16	17500000	17500000	0.36	rgba(255, 185, 15, 0.8)	
16	22500000	22500000	0.88	rgba(255, 0, 0, 0.704)	rs497
16	90177377	90177377	0.42	rgba(255, 185, 15, 0.8)	
16	27500000	27500000	0.12	rgba(255, 185, 15, 0.8)	
16	52500000	52500000	0.02	rgba(0, 255, 0, 0.784)	rs500
16	62500000	62500000	0.01	rgba(0, 255, 0, 0.792)	rs501
16	57500000	57500000	0.81	rgba(255, 0, 0, 0.648)	rs502
16	67500000	67500000	0.15	rgba(255, 185, 15, 0.8)	
16	72500000	72500000	0.36	rgba(255, 185, 15, 0.8)	
16	77500000	77500000	0.4	rgba(255, 185, 15, 0.8)	
16	82500000	82500000	0.54	rgba(255, 185, 15, 0.8)	
16	87500000	87500000	0.21	rgba(255, 185, 15, 0.8)	
17	2500000	2500000	0.34	rgba(255, 185, 15, 0.8)	
17	7500000	7500000	0.71	rgba(255, 185, 15, 0.8)	
16	32500000	32500000	0.63	rgba(255, 185, 15, 0.8)	
17	12500000	12500000	0.92	rgba(255, 0, 0, 0.736)	rs511
17	17500000	17500000	0.3	rgba(255, 185, 15, 0.8)	
17	22500000	22500000	0.78	rgba(255, 185, 15, 0.8)	
17	32500000	32500000	0.6	rgba(255, 185, 15, 0.8)	
17	27500000	27500000	0.1	rgba(0, 255, 0, 0.72)	rs515
17	37500000	37500000	0.56	rgba(255, 185, 15, 0.8)	
17	42500000	42500000	0.11	rgba(255, 185, 15, 0.8)	
17	80597605	80597605	0.88	rgba(255, 0, 0, 0.704)	rs518
17	52500000	52500000	0.95	rgba(255, 0, 0, 0.76)	rs519
17	47500000	47500000	0.01	rgba(0, 255, 0, 0.792)	rs520
17	57500000	57500000	0.51	rgba(255, 185, 15, 0.8)	
17	62500000	62500000	0.66	rgba(255, 185, 15, 0.8)	
17	77500000	77500000	0.26	rgba(255, 185, 15, 0.8)	
17	67500000	67500000	0.38	rgba(255, 185, 15, 0.8)	
16	47500000	47500000	0.15	rgba(255, 185, 15, 0.8)	
17	72500000	72500000	0.87	rgba(255, 0, 0, 0.696)	rs526
18	7500000	7500000	0.33	rgba(255, 185, 15, 0.8)	
18	22500000	22500000	0.52	rgba(255, 185, 15, 0.8)	
18	32500000	32500000	0.48	rgba(255, 185, 15, 0.8)	
18	12500000	12500000	0.97	rgba(255, 0, 0, 0.776)	rs530
18	2500000	2500000	0.68	rgba(255, 185, 15, 0.8)	
18	17500000	17500000	0.48	rgba(255, 185, 15, 0.8)	
18	27500000	27500000	0.34	rgba(255, 185, 15, 0.8)	
18	37500000	37500000	0.76	rgba(255, 185, 15, 0.8)	
18	42500000	42500000	0.13	rgba(255, 185, 15, 0.8)	
18	76538624	76538624	0.67	rgba(255, 185, 15, 0.8)	
18	47500000	47500000	0.01	rgba(0, 255, 0, 0.792)	rs537
18	52500000	52500000	0.64	rgba(255, 185, 15, 0.8)	
18	57500000	57500000	0.38	rgba(255, 185, 15, 0.8)	
18	62500000	62500000	0.44	rgba(255, 185, 15, 0.8)	
19	7500000	7500000	0.44	rgba(255, 185, 15, 0.8)	
18	72500000	72500000	0.81	rgba(255, 0, 0, 0.648)	rs542
18	67500000	67500000	0.42	rgba(255, 185, 15, 0.8)	
19	2500000	2500000	0.63	rgba(255, 185, 15, 0.8)	
19	12500000	12500000	0.56	rgba(255, 185, 15, 0.8)	
19	17500000	17500000	0.9	rgba(255, 0, 0, 0.72)	rs546
19	27500000	27500000	0.71	rgba(255, 185, 15, 0.8)	
19	32500000	32500000	0.27	rgba(255, 185, 15, 0.8)	
19	22500000	22500000	0.54	rgba(255, 185, 15, 0.8)	
19	42500000	42500000	0.56	rgba(255, 185, 15, 0.8)	
19	37500000	37500000	0.18	rgba(255, 185, 15, 0.8)	
19	57064492	57064492	0.03	rgba(0, 255, 0, 0.776)	rs552
19	52500000	52500000	0.65	rgba(255, 185, 15, 0.8)	
20	12500000	12500000	0.36	rgba(255, 185, 15, 0.8)	
19	47500000	47500000	0.96	rgba(255, 0, 0, 0.768)	rs555
20	2500000	2500000	0.71	rgba(255, 185, 15, 0.8)	
20	7500000	7500000	0.85	rgba(255, 0, 0, 0.68)	rs557
21	2500000	2500000	0.2	rgba(255, 185, 15, 0.8)	
20	17500000	17500000	0.04	rgba(0, 255, 0, 0.768)	rs559
20	61512760	61512760	0.16	rgba(255, 185, 15, 0.8)	
21	7500000	7500000	0.54	rgba(255, 185, 15, 0.8)	
20	27500000	27500000	0.14	rgba(255, 185, 15, 0.8)	
20	22500000	22500000	0.11	rgba(255, 185, 15, 0.8)	
20	37500000	37500000	0.87	rgba(255, 0, 0, 0.696)	rs564
20	32500000	32500000	0.32	rgba(255, 185, 15, 0.8)	
20	47500000	47500000	0.29	rgba(255, 185, 15, 0.8)	
22	2500000	2500000	0.59	rgba(255, 185, 15, 0.8)	
22	7500000	7500000	0.51	rgba(255, 185, 15, 0.8)	
22	12500000	12500000	0.45	rgba(255, 185, 15, 0.8)	
20	52500000	52500000	0.39	rgba(255, 185, 15, 0.8)	
20	57500000	57500000	0.47	rgba(255, 185, 15, 0.8)	
20	42500000	42500000	0.62	rgba(255, 185, 15, 0.8)	
21	46564948	46564948	0.55	rgba(255, 185, 15, 0.8)	
21	17500000	17500000	0.56	rgba(255, 185, 15, 0.8)	
21	42500000	42500000	0.65	rgba(255, 185, 15, 0.8)	
21	27500000	27500000	0.02	rgba(0, 255, 0, 0.784)	rs576
21	22500000	22500000	0.35	rgba(255, 185, 15, 0.8)	
21	32500000	32500000	0.6	rgba(255, 185, 15, 0.8)	
21	37500000	37500000	0.37	rgba(255, 185, 15, 0.8)	
21	12500000	12500000	0.07	rgba(0, 255, 0, 0.744)	rs580
22	50652283	50652283	0.54	rgba(255, 185, 15, 0.8)	
22	32500000	32500000	0.24	rgba(255, 185, 15, 0.8)	
22	17500000	17500000	0.75	rgba(255, 185, 15, 0.8)	
22	22500000	22500000	0.41	rgba(255, 185, 15, 0.8)	
22	27500000	27500000	0.31	rgba(255, 185, 15, 0.8)	
X	2500000	2500000	0.94	rgba(255, 0, 0, 0.752)	rs586
X	7500000	7500000	0.23	rgba(255, 185, 15, 0.8)	
X	12500000	12500000	0.39	rgba(255, 185, 15, 0.8)	
X	17500000	17500000	0.8	rgba(255, 0, 0, 0.64)	rs589
22	42500000	42500000	0.26	rgba(255, 185, 15, 0.8)	
22	37500000	37500000	0.64	rgba(255, 185, 15, 0.8)	
22	47500000	47500000	0.65	rgba(255, 185, 15, 0.8)	
X	22500000	22500000	0.57	rgba(255, 185, 15, 0.8)	
X	32500000	32500000	0.17	rgba(255, 185, 15, 0.8)	
X	27500000	27500000	0.3	rgba(255, 185, 15, 0.8)	
X	37500000	37500000	0.04	rgba(0, 255, 0, 0.768)	rs596
X	42500000	42500000	0.56	rgba(255, 185, 15, 0.8)	
X	47500000	47500000	0.73	rgba(255, 185, 15, 0.8)	
X	52500000	52500000	0.01	rgba(0, 255, 0, 0.792)	rs599
X	72500000	72500000	0.22	rgba(255, 185, 15, 0.8)	
X	77500000	77500000	0.51	rgba(255, 185, 15, 0.8)	
X	82500000	82500000	0.09	rgba(0, 255, 0, 0.728)	rs602
X	57500000	57500000	0.23	rgba(255, 185, 15, 0.8)	
X	92500000	92500000	0.59	rgba(255, 185, 15, 0.8)	
X	67500000	67500000	0.25	rgba(255, 185, 15, 0.8)	
X	102500000	102500000	0.04	rgba(0, 255, 0, 0.768)	rs606
X	87500000	87500000	0.93	rgba(255, 0, 0, 0.744)	rs607
X	97500000	97500000	0.41	rgba(255, 185, 15, 0.8)	
X	62500000	62500000	0.36	rgba(255, 185, 15, 0.8)	
X	155135280	155135280	0.83	rgba(255, 0, 0, 0.664)	rs610
X	107500000	107500000	0.95	rgba(255, 0, 0, 0.76)	rs611
X	112500000	112500000	0.37	rgba(255, 185, 15, 0.8)	
X	117500000	117500000	0.06	rgba(0, 255, 0, 0.752)	rs613
X	122500000	122500000	0.97	rgba(255, 0, 0, 0.776)	rs614
X	127500000	127500000	0.64	rgba(255, 185, 15, 0.8)	
X	142500000	142500000	0.33	rgba(255, 185, 15, 0.8)	
Y	32500000	32500000	0.33	rgba(255, 185, 15, 0.8)	
X	147500000	147500000	0.56	rgba(255, 185, 15, 0.8)	
Y	37500000	37500000	0.18	rgba(255, 185, 15, 0.8)	
Y	42500000	42500000	0.57	rgba(255, 185, 15, 0.8)	
#Y	47500000	47500000	0.91	rgba(255, 0, 0, 0.728)	rs621
#Y	52500000	52500000	0.92	rgba(255, 0, 0, 0.736)	rs622
X	132500000	132500000	0.17	rgba(255, 185, 15, 0.8)	
X	152500000	152500000	0.56	rgba(255, 185, 15, 0.8)	
X	137500000	137500000	0.02	rgba(0, 255, 0, 0.784)	rs625
Y	2500000	2500000	0.5	rgba(255, 185, 15, 0.8)	
Y	7500000	7500000	0.71	rgba(255, 185, 15, 0.8)	
Y	17500000	17500000	0.75	rgba(255, 185, 15, 0.8)	
Y	27500000	27500000	0.15	rgba(255, 185, 15, 0.8)	
Y	22500000	22500000	0.32	rgba(255, 185, 15, 0.8)	
Y	12500000	12500000	0.62	rgba(255, 185, 15, 0.8)	
Y	52186783	52186783	0.07	rgba(0, 255, 0, 0.744)	rs632
