ChrName	Start	End	Value	Color	Label
1	5000001	10000000	18.1	rgba(0,0,1,1)	
1	10000001	15000000	4.9	rgba(0,0,1,1)	
1	20000001	25000000	44.5	rgba(0,0.5,0,1)	
1	25000001	30000000	8.2	rgba(0,0,1,1)	
1	35000001	40000000	15.8	rgba(0,0,1,1)	
1	40000001	45000000	93.0	rgba(1,0,0,1)	93.0
1	45000001	50000000	61.1	rgba(0,0.5,0,1)	
1	30000001	35000000	27.7	rgba(0,0.5,0,1)	
1	50000001	55000000	91.1	rgba(1,0,0,1)	91.1
1	1	5000000	42.5	rgba(0,0.5,0,1)	
1	15000001	20000000	75.9	rgba(0,0.5,0,1)	
1	55000001	60000000	0.2	rgba(0,0,1,1)	
1	60000001	65000000	58.0	rgba(0,0.5,0,1)	
1	75000001	80000000	11.3	rgba(0,0,1,1)	
1	85000001	90000000	49.7	rgba(0,0.5,0,1)	
1	80000001	85000000	79.9	rgba(0,0.5,0,1)	
1	90000001	95000000	19.6	rgba(0,0,1,1)	
1	105000001	110000000	51.6	rgba(0,0.5,0,1)	
1	125000001	130000000	50.0	rgba(0,0.5,0,1)	
1	130000001	135000000	4.0	rgba(0,0,1,1)	
1	95000001	100000000	8.1	rgba(0,0,1,1)	
1	65000001	70000000	21.8	rgba(0,0.5,0,1)	
1	70000001	75000000	43.0	rgba(0,0.5,0,1)	
1	135000001	140000000	71.7	rgba(0,0.5,0,1)	
1	110000001	115000000	28.7	rgba(0,0.5,0,1)	
1	100000001	105000000	65.3	rgba(0,0.5,0,1)	
1	115000001	120000000	18.8	rgba(0,0,1,1)	
1	155000001	160000000	53.2	rgba(0,0.5,0,1)	
1	170000001	175000000	65.9	rgba(0,0.5,0,1)	
1	175000001	180000000	21.3	rgba(0,0.5,0,1)	
1	140000001	145000000	28.3	rgba(0,0.5,0,1)	
1	185000001	190000000	9.6	rgba(0,0,1,1)	
1	150000001	155000000	26.9	rgba(0,0.5,0,1)	
1	165000001	170000000	39.2	rgba(0,0.5,0,1)	
1	180000001	185000000	50.7	rgba(0,0.5,0,1)	
1	145000001	150000000	52.9	rgba(0,0.5,0,1)	
1	160000001	165000000	21.3	rgba(0,0.5,0,1)	
1	190000001	195000000	68.1	rgba(0,0.5,0,1)	
1	120000001	125000000	49.6	rgba(0,0.5,0,1)	
1	200000001	205000000	35.1	rgba(0,0.5,0,1)	
1	205000001	210000000	66.5	rgba(0,0.5,0,1)	
1	215000001	220000000	52.2	rgba(0,0.5,0,1)	
1	220000001	225000000	47.0	rgba(0,0.5,0,1)	
1	230000001	235000000	12.7	rgba(0,0,1,1)	
1	195000001	200000000	45.7	rgba(0,0.5,0,1)	
1	235000001	240000000	40.9	rgba(0,0.5,0,1)	
1	210000001	215000000	73.3	rgba(0,0.5,0,1)	
1	225000001	230000000	81.5	rgba(1,0,0,1)	81.5
1	240000001	245000000	29.9	rgba(0,0.5,0,1)	
1	245000001	249250621	35.0	rgba(0,0.5,0,1)	
2	1	5000000	83.3	rgba(1,0,0,1)	83.3
2	5000001	10000000	24.7	rgba(0,0.5,0,1)	
2	10000001	15000000	67.1	rgba(0,0.5,0,1)	
2	20000001	25000000	3.3	rgba(0,0,1,1)	
2	50000001	55000000	70.8	rgba(0,0.5,0,1)	
2	15000001	20000000	35.3	rgba(0,0.5,0,1)	
2	25000001	30000000	42.9	rgba(0,0.5,0,1)	
2	45000001	50000000	8.0	rgba(0,0,1,1)	
2	40000001	45000000	36.0	rgba(0,0.5,0,1)	
2	30000001	35000000	53.8	rgba(0,0.5,0,1)	
2	35000001	40000000	67.5	rgba(0,0.5,0,1)	
2	55000001	60000000	41.4	rgba(0,0.5,0,1)	
2	60000001	65000000	60.9	rgba(0,0.5,0,1)	
2	65000001	70000000	75.3	rgba(0,0.5,0,1)	
2	70000001	75000000	45.0	rgba(0,0.5,0,1)	
2	75000001	80000000	39.7	rgba(0,0.5,0,1)	
2	110000001	115000000	25.5	rgba(0,0.5,0,1)	
2	100000001	105000000	21.1	rgba(0,0.5,0,1)	
2	80000001	85000000	6.8	rgba(0,0,1,1)	
2	95000001	100000000	49.8	rgba(0,0.5,0,1)	
2	105000001	110000000	79.8	rgba(0,0.5,0,1)	
2	115000001	120000000	79.4	rgba(0,0.5,0,1)	
2	85000001	90000000	14.8	rgba(0,0,1,1)	
2	120000001	125000000	35.6	rgba(0,0.5,0,1)	
2	125000001	130000000	78.9	rgba(0,0.5,0,1)	
2	135000001	140000000	4.0	rgba(0,0,1,1)	
2	140000001	145000000	78.0	rgba(0,0.5,0,1)	
2	145000001	150000000	6.2	rgba(0,0,1,1)	
2	150000001	155000000	42.2	rgba(0,0.5,0,1)	
2	90000001	95000000	57.9	rgba(0,0.5,0,1)	
2	155000001	160000000	15.1	rgba(0,0,1,1)	
2	160000001	165000000	47.2	rgba(0,0.5,0,1)	
2	165000001	170000000	39.9	rgba(0,0.5,0,1)	
2	170000001	175000000	20.3	rgba(0,0.5,0,1)	
2	175000001	180000000	46.1	rgba(0,0.5,0,1)	
2	180000001	185000000	60.7	rgba(0,0.5,0,1)	
2	130000001	135000000	1.9	rgba(0,0,1,1)	
2	200000001	205000000	17.2	rgba(0,0,1,1)	
2	185000001	190000000	89.0	rgba(1,0,0,1)	89.0
2	190000001	195000000	0.2	rgba(0,0,1,1)	
2	205000001	210000000	3.7	rgba(0,0,1,1)	
2	195000001	200000000	14.9	rgba(0,0,1,1)	
2	210000001	215000000	48.4	rgba(0,0.5,0,1)	
2	215000001	220000000	4.6	rgba(0,0,1,1)	
2	220000001	225000000	42.1	rgba(0,0.5,0,1)	
2	225000001	230000000	28.3	rgba(0,0.5,0,1)	
2	230000001	235000000	66.2	rgba(0,0.5,0,1)	
2	240000001	243199373	21.2	rgba(0,0.5,0,1)	
2	235000001	240000000	30.3	rgba(0,0.5,0,1)	
3	10000001	15000000	20.4	rgba(0,0.5,0,1)	
3	5000001	10000000	57.0	rgba(0,0.5,0,1)	
3	1	5000000	15.1	rgba(0,0,1,1)	
3	15000001	20000000	79.3	rgba(0,0.5,0,1)	
3	25000001	30000000	88.0	rgba(1,0,0,1)	88.0
3	20000001	25000000	61.7	rgba(0,0.5,0,1)	
3	30000001	35000000	48.8	rgba(0,0.5,0,1)	
3	35000001	40000000	72.2	rgba(0,0.5,0,1)	
3	40000001	45000000	69.2	rgba(0,0.5,0,1)	
3	45000001	50000000	36.2	rgba(0,0.5,0,1)	
3	50000001	55000000	59.3	rgba(0,0.5,0,1)	
3	55000001	60000000	61.9	rgba(0,0.5,0,1)	
3	90000001	95000000	11.3	rgba(0,0,1,1)	
3	60000001	65000000	36.5	rgba(0,0.5,0,1)	
3	70000001	75000000	55.8	rgba(0,0.5,0,1)	
3	65000001	70000000	34.8	rgba(0,0.5,0,1)	
3	85000001	90000000	53.1	rgba(0,0.5,0,1)	
3	75000001	80000000	3.3	rgba(0,0,1,1)	
3	80000001	85000000	45.3	rgba(0,0.5,0,1)	
3	100000001	105000000	11.7	rgba(0,0,1,1)	
3	95000001	100000000	20.9	rgba(0,0.5,0,1)	
3	105000001	110000000	6.9	rgba(0,0,1,1)	
3	110000001	115000000	52.2	rgba(0,0.5,0,1)	
3	115000001	120000000	27.0	rgba(0,0.5,0,1)	
3	120000001	125000000	56.5	rgba(0,0.5,0,1)	
3	125000001	130000000	67.1	rgba(0,0.5,0,1)	
3	130000001	135000000	63.8	rgba(0,0.5,0,1)	
3	135000001	140000000	34.1	rgba(0,0.5,0,1)	
3	140000001	145000000	43.6	rgba(0,0.5,0,1)	
3	145000001	150000000	3.1	rgba(0,0,1,1)	
3	150000001	155000000	41.9	rgba(0,0.5,0,1)	
3	155000001	160000000	30.5	rgba(0,0.5,0,1)	
3	160000001	165000000	28.2	rgba(0,0.5,0,1)	
3	165000001	170000000	14.7	rgba(0,0,1,1)	
3	170000001	175000000	65.1	rgba(0,0.5,0,1)	
3	175000001	180000000	12.5	rgba(0,0,1,1)	
3	195000001	198022430	47.4	rgba(0,0.5,0,1)	
3	185000001	190000000	38.0	rgba(0,0.5,0,1)	
3	180000001	185000000	42.2	rgba(0,0.5,0,1)	
3	190000001	195000000	6.6	rgba(0,0,1,1)	
4	10000001	15000000	56.3	rgba(0,0.5,0,1)	
4	1	5000000	32.8	rgba(0,0.5,0,1)	
4	5000001	10000000	31.5	rgba(0,0.5,0,1)	
4	50000001	55000000	7.4	rgba(0,0,1,1)	
4	15000001	20000000	48.9	rgba(0,0.5,0,1)	
4	20000001	25000000	45.2	rgba(0,0.5,0,1)	
4	25000001	30000000	98.0	rgba(1,0,0,1)	98.0
4	35000001	40000000	7.1	rgba(0,0,1,1)	
4	30000001	35000000	55.6	rgba(0,0.5,0,1)	
4	40000001	45000000	74.8	rgba(0,0.5,0,1)	
4	55000001	60000000	60.6	rgba(0,0.5,0,1)	
4	60000001	65000000	79.2	rgba(0,0.5,0,1)	
4	75000001	80000000	58.5	rgba(0,0.5,0,1)	
4	70000001	75000000	68.6	rgba(0,0.5,0,1)	
4	65000001	70000000	0.9	rgba(0,0,1,1)	
4	85000001	90000000	73.7	rgba(0,0.5,0,1)	
4	80000001	85000000	23.4	rgba(0,0.5,0,1)	
4	90000001	95000000	51.6	rgba(0,0.5,0,1)	
4	95000001	100000000	75.4	rgba(0,0.5,0,1)	
4	100000001	105000000	35.5	rgba(0,0.5,0,1)	
4	105000001	110000000	70.6	rgba(0,0.5,0,1)	
4	110000001	115000000	44.5	rgba(0,0.5,0,1)	
4	115000001	120000000	91.4	rgba(1,0,0,1)	91.4
4	120000001	125000000	34.4	rgba(0,0.5,0,1)	
4	125000001	130000000	2.9	rgba(0,0,1,1)	
4	130000001	135000000	39.1	rgba(0,0.5,0,1)	
4	140000001	145000000	59.4	rgba(0,0.5,0,1)	
4	135000001	140000000	7.4	rgba(0,0,1,1)	
4	145000001	150000000	1.4	rgba(0,0,1,1)	
4	155000001	160000000	49.8	rgba(0,0.5,0,1)	
4	160000001	165000000	1.2	rgba(0,0,1,1)	
4	150000001	155000000	60.9	rgba(0,0.5,0,1)	
4	190000001	191154276	95.0	rgba(1,0,0,1)	95.0
4	165000001	170000000	78.7	rgba(0,0.5,0,1)	
4	170000001	175000000	62.4	rgba(0,0.5,0,1)	
4	180000001	185000000	78.7	rgba(0,0.5,0,1)	
4	175000001	180000000	76.8	rgba(0,0.5,0,1)	
4	185000001	190000000	42.0	rgba(0,0.5,0,1)	
5	5000001	10000000	35.8	rgba(0,0.5,0,1)	
5	1	5000000	36.5	rgba(0,0.5,0,1)	
5	20000001	25000000	63.5	rgba(0,0.5,0,1)	
5	10000001	15000000	18.1	rgba(0,0,1,1)	
5	15000001	20000000	56.4	rgba(0,0.5,0,1)	
4	45000001	50000000	53.3	rgba(0,0.5,0,1)	
5	25000001	30000000	65.2	rgba(0,0.5,0,1)	
5	30000001	35000000	60.4	rgba(0,0.5,0,1)	
5	45000001	50000000	19.4	rgba(0,0,1,1)	
5	40000001	45000000	60.1	rgba(0,0.5,0,1)	
5	35000001	40000000	32.1	rgba(0,0.5,0,1)	
5	50000001	55000000	16.6	rgba(0,0,1,1)	
5	65000001	70000000	8.8	rgba(0,0,1,1)	
5	55000001	60000000	71.7	rgba(0,0.5,0,1)	
5	70000001	75000000	75.9	rgba(0,0.5,0,1)	
5	60000001	65000000	20.8	rgba(0,0.5,0,1)	
5	75000001	80000000	38.8	rgba(0,0.5,0,1)	
5	80000001	85000000	37.4	rgba(0,0.5,0,1)	
5	85000001	90000000	4.5	rgba(0,0,1,1)	
5	90000001	95000000	3.9	rgba(0,0,1,1)	
5	95000001	100000000	40.6	rgba(0,0.5,0,1)	
5	100000001	105000000	59.1	rgba(0,0.5,0,1)	
5	105000001	110000000	31.1	rgba(0,0.5,0,1)	
5	110000001	115000000	1.7	rgba(0,0,1,1)	
5	115000001	120000000	34.2	rgba(0,0.5,0,1)	
5	130000001	135000000	41.0	rgba(0,0.5,0,1)	
5	125000001	130000000	28.6	rgba(0,0.5,0,1)	
5	120000001	125000000	65.9	rgba(0,0.5,0,1)	
5	135000001	140000000	28.7	rgba(0,0.5,0,1)	
5	140000001	145000000	53.5	rgba(0,0.5,0,1)	
5	180000001	180915260	43.1	rgba(0,0.5,0,1)	
5	145000001	150000000	30.5	rgba(0,0.5,0,1)	
5	150000001	155000000	79.9	rgba(0,0.5,0,1)	
5	155000001	160000000	29.2	rgba(0,0.5,0,1)	
5	160000001	165000000	65.8	rgba(0,0.5,0,1)	
5	170000001	175000000	71.6	rgba(0,0.5,0,1)	
5	165000001	170000000	59.7	rgba(0,0.5,0,1)	
6	5000001	10000000	4.3	rgba(0,0,1,1)	
5	175000001	180000000	41.8	rgba(0,0.5,0,1)	
6	1	5000000	19.0	rgba(0,0,1,1)	
6	15000001	20000000	32.6	rgba(0,0.5,0,1)	
6	10000001	15000000	23.8	rgba(0,0.5,0,1)	
6	20000001	25000000	42.2	rgba(0,0.5,0,1)	
6	25000001	30000000	24.5	rgba(0,0.5,0,1)	
6	30000001	35000000	10.8	rgba(0,0,1,1)	
6	35000001	40000000	31.2	rgba(0,0.5,0,1)	
6	40000001	45000000	65.7	rgba(0,0.5,0,1)	
6	45000001	50000000	49.6	rgba(0,0.5,0,1)	
6	50000001	55000000	45.9	rgba(0,0.5,0,1)	
6	60000001	65000000	69.2	rgba(0,0.5,0,1)	
6	70000001	75000000	22.7	rgba(0,0.5,0,1)	
6	75000001	80000000	73.7	rgba(0,0.5,0,1)	
6	65000001	70000000	43.5	rgba(0,0.5,0,1)	
6	55000001	60000000	33.4	rgba(0,0.5,0,1)	
6	80000001	85000000	77.4	rgba(0,0.5,0,1)	
6	85000001	90000000	24.9	rgba(0,0.5,0,1)	
6	90000001	95000000	58.4	rgba(0,0.5,0,1)	
6	100000001	105000000	64.8	rgba(0,0.5,0,1)	
6	95000001	100000000	26.0	rgba(0,0.5,0,1)	
6	110000001	115000000	6.0	rgba(0,0,1,1)	
6	105000001	110000000	72.4	rgba(0,0.5,0,1)	
6	115000001	120000000	5.4	rgba(0,0,1,1)	
6	120000001	125000000	20.8	rgba(0,0.5,0,1)	
6	130000001	135000000	68.8	rgba(0,0.5,0,1)	
6	125000001	130000000	78.4	rgba(0,0.5,0,1)	
6	170000001	171115067	89.1	rgba(1,0,0,1)	89.1
6	135000001	140000000	11.2	rgba(0,0,1,1)	
6	140000001	145000000	19.8	rgba(0,0,1,1)	
6	145000001	150000000	76.8	rgba(0,0.5,0,1)	
6	150000001	155000000	25.5	rgba(0,0.5,0,1)	
6	155000001	160000000	17.0	rgba(0,0,1,1)	
6	165000001	170000000	79.7	rgba(0,0.5,0,1)	
6	160000001	165000000	45.7	rgba(0,0.5,0,1)	
7	20000001	25000000	24.6	rgba(0,0.5,0,1)	
7	10000001	15000000	55.9	rgba(0,0.5,0,1)	
7	5000001	10000000	30.9	rgba(0,0.5,0,1)	
7	1	5000000	2.5	rgba(0,0,1,1)	
7	15000001	20000000	38.3	rgba(0,0.5,0,1)	
7	25000001	30000000	69.3	rgba(0,0.5,0,1)	
7	30000001	35000000	46.4	rgba(0,0.5,0,1)	
7	40000001	45000000	30.4	rgba(0,0.5,0,1)	
7	35000001	40000000	23.2	rgba(0,0.5,0,1)	
7	45000001	50000000	32.3	rgba(0,0.5,0,1)	
7	50000001	55000000	45.4	rgba(0,0.5,0,1)	
7	55000001	60000000	19.6	rgba(0,0,1,1)	
7	85000001	90000000	19.7	rgba(0,0,1,1)	
7	70000001	75000000	41.0	rgba(0,0.5,0,1)	
7	65000001	70000000	7.0	rgba(0,0,1,1)	
7	80000001	85000000	49.1	rgba(0,0.5,0,1)	
7	90000001	95000000	74.8	rgba(0,0.5,0,1)	
7	75000001	80000000	25.0	rgba(0,0.5,0,1)	
7	95000001	100000000	37.1	rgba(0,0.5,0,1)	
7	60000001	65000000	34.7	rgba(0,0.5,0,1)	
7	105000001	110000000	47.9	rgba(0,0.5,0,1)	
7	110000001	115000000	18.6	rgba(0,0,1,1)	
7	100000001	105000000	72.5	rgba(0,0.5,0,1)	
7	115000001	120000000	69.2	rgba(0,0.5,0,1)	
7	120000001	125000000	13.2	rgba(0,0,1,1)	
7	125000001	130000000	18.9	rgba(0,0,1,1)	
7	130000001	135000000	15.6	rgba(0,0,1,1)	
7	135000001	140000000	44.1	rgba(0,0.5,0,1)	
7	140000001	145000000	18.3	rgba(0,0,1,1)	
7	145000001	150000000	71.5	rgba(0,0.5,0,1)	
7	155000001	159138663	1.5	rgba(0,0,1,1)	
7	150000001	155000000	33.6	rgba(0,0.5,0,1)	
8	1	5000000	20.3	rgba(0,0.5,0,1)	
8	5000001	10000000	43.4	rgba(0,0.5,0,1)	
8	15000001	20000000	66.5	rgba(0,0.5,0,1)	
8	10000001	15000000	70.7	rgba(0,0.5,0,1)	
8	20000001	25000000	52.6	rgba(0,0.5,0,1)	
8	25000001	30000000	12.8	rgba(0,0,1,1)	
8	30000001	35000000	4.5	rgba(0,0,1,1)	
8	35000001	40000000	16.7	rgba(0,0,1,1)	
8	50000001	55000000	58.7	rgba(0,0.5,0,1)	
8	55000001	60000000	15.6	rgba(0,0,1,1)	
8	45000001	50000000	83.6	rgba(1,0,0,1)	83.6
8	75000001	80000000	24.1	rgba(0,0.5,0,1)	
8	70000001	75000000	11.0	rgba(0,0,1,1)	
8	65000001	70000000	75.7	rgba(0,0.5,0,1)	
8	60000001	65000000	59.6	rgba(0,0.5,0,1)	
8	80000001	85000000	79.6	rgba(0,0.5,0,1)	
8	40000001	45000000	37.2	rgba(0,0.5,0,1)	
8	90000001	95000000	17.6	rgba(0,0,1,1)	
8	95000001	100000000	41.0	rgba(0,0.5,0,1)	
8	100000001	105000000	12.2	rgba(0,0,1,1)	
8	110000001	115000000	74.8	rgba(0,0.5,0,1)	
8	85000001	90000000	70.0	rgba(0,0.5,0,1)	
8	145000001	146364022	72.9	rgba(0,0.5,0,1)	
8	105000001	110000000	73.6	rgba(0,0.5,0,1)	
8	115000001	120000000	76.6	rgba(0,0.5,0,1)	
8	120000001	125000000	42.4	rgba(0,0.5,0,1)	
8	125000001	130000000	2.4	rgba(0,0,1,1)	
8	130000001	135000000	38.8	rgba(0,0.5,0,1)	
8	135000001	140000000	48.0	rgba(0,0.5,0,1)	
9	50000001	55000000	70.4	rgba(0,0.5,0,1)	
9	55000001	60000000	37.3	rgba(0,0.5,0,1)	
9	1	5000000	70.6	rgba(0,0.5,0,1)	
9	60000001	65000000	18.4	rgba(0,0,1,1)	
9	45000001	50000000	70.3	rgba(0,0.5,0,1)	
8	140000001	145000000	58.1	rgba(0,0.5,0,1)	
9	5000001	10000000	18.0	rgba(0,0,1,1)	
9	10000001	15000000	63.0	rgba(0,0.5,0,1)	
9	15000001	20000000	47.9	rgba(0,0.5,0,1)	
9	20000001	25000000	14.0	rgba(0,0,1,1)	
9	40000001	45000000	39.1	rgba(0,0.5,0,1)	
9	30000001	35000000	26.2	rgba(0,0.5,0,1)	
9	35000001	40000000	73.9	rgba(0,0.5,0,1)	
9	25000001	30000000	3.9	rgba(0,0,1,1)	
9	75000001	80000000	72.1	rgba(0,0.5,0,1)	
9	80000001	85000000	17.4	rgba(0,0,1,1)	
9	90000001	95000000	46.9	rgba(0,0.5,0,1)	
9	85000001	90000000	21.3	rgba(0,0.5,0,1)	
9	95000001	100000000	28.0	rgba(0,0.5,0,1)	
9	70000001	75000000	44.6	rgba(0,0.5,0,1)	
9	100000001	105000000	9.0	rgba(0,0,1,1)	
9	105000001	110000000	12.9	rgba(0,0,1,1)	
9	110000001	115000000	56.9	rgba(0,0.5,0,1)	
9	140000001	141213431	1.4	rgba(0,0,1,1)	
9	115000001	120000000	49.6	rgba(0,0.5,0,1)	
9	120000001	125000000	56.8	rgba(0,0.5,0,1)	
9	130000001	135000000	75.0	rgba(0,0.5,0,1)	
9	135000001	140000000	38.5	rgba(0,0.5,0,1)	
9	125000001	130000000	12.8	rgba(0,0,1,1)	
10	1	5000000	67.9	rgba(0,0.5,0,1)	
10	5000001	10000000	17.9	rgba(0,0,1,1)	
9	65000001	70000000	70.4	rgba(0,0.5,0,1)	
10	10000001	15000000	3.4	rgba(0,0,1,1)	
10	30000001	35000000	45.1	rgba(0,0.5,0,1)	
10	15000001	20000000	22.5	rgba(0,0.5,0,1)	
10	25000001	30000000	63.6	rgba(0,0.5,0,1)	
10	20000001	25000000	43.8	rgba(0,0.5,0,1)	
10	45000001	50000000	62.6	rgba(0,0.5,0,1)	
10	50000001	55000000	67.3	rgba(0,0.5,0,1)	
10	35000001	40000000	35.1	rgba(0,0.5,0,1)	
10	55000001	60000000	37.8	rgba(0,0.5,0,1)	
10	75000001	80000000	36.9	rgba(0,0.5,0,1)	
10	65000001	70000000	57.4	rgba(0,0.5,0,1)	
10	60000001	65000000	50.8	rgba(0,0.5,0,1)	
10	70000001	75000000	2.0	rgba(0,0,1,1)	
10	80000001	85000000	10.9	rgba(0,0,1,1)	
10	85000001	90000000	90.2	rgba(1,0,0,1)	90.2
10	90000001	95000000	19.8	rgba(0,0,1,1)	
10	135000001	135534747	51.4	rgba(0,0.5,0,1)	
10	95000001	100000000	65.0	rgba(0,0.5,0,1)	
10	100000001	105000000	27.4	rgba(0,0.5,0,1)	
10	105000001	110000000	39.8	rgba(0,0.5,0,1)	
10	110000001	115000000	48.8	rgba(0,0.5,0,1)	
10	120000001	125000000	78.7	rgba(0,0.5,0,1)	
10	115000001	120000000	76.5	rgba(0,0.5,0,1)	
10	125000001	130000000	63.7	rgba(0,0.5,0,1)	
11	1	5000000	21.2	rgba(0,0.5,0,1)	
11	5000001	10000000	49.4	rgba(0,0.5,0,1)	
10	130000001	135000000	39.4	rgba(0,0.5,0,1)	
11	10000001	15000000	7.4	rgba(0,0,1,1)	
11	15000001	20000000	25.9	rgba(0,0.5,0,1)	
11	20000001	25000000	20.3	rgba(0,0.5,0,1)	
11	25000001	30000000	20.0	rgba(0,0.5,0,1)	
11	40000001	45000000	48.1	rgba(0,0.5,0,1)	
11	35000001	40000000	78.4	rgba(0,0.5,0,1)	
11	30000001	35000000	52.0	rgba(0,0.5,0,1)	
11	50000001	55000000	0.8	rgba(0,0,1,1)	
11	45000001	50000000	25.1	rgba(0,0.5,0,1)	
11	55000001	60000000	7.4	rgba(0,0,1,1)	
11	65000001	70000000	47.0	rgba(0,0.5,0,1)	
11	60000001	65000000	30.5	rgba(0,0.5,0,1)	
10	40000001	45000000	94.2	rgba(1,0,0,1)	94.2
11	70000001	75000000	15.7	rgba(0,0,1,1)	
11	75000001	80000000	2.3	rgba(0,0,1,1)	
11	135000001	135006516	67.0	rgba(0,0.5,0,1)	
11	80000001	85000000	8.5	rgba(0,0,1,1)	
11	95000001	100000000	36.3	rgba(0,0.5,0,1)	
11	85000001	90000000	40.4	rgba(0,0.5,0,1)	
11	105000001	110000000	31.2	rgba(0,0.5,0,1)	
11	100000001	105000000	22.4	rgba(0,0.5,0,1)	
11	90000001	95000000	9.2	rgba(0,0,1,1)	
11	115000001	120000000	32.1	rgba(0,0.5,0,1)	
11	110000001	115000000	74.2	rgba(0,0.5,0,1)	
11	120000001	125000000	4.1	rgba(0,0,1,1)	
11	125000001	130000000	78.8	rgba(0,0.5,0,1)	
11	130000001	135000000	8.9	rgba(0,0,1,1)	
12	1	5000000	26.1	rgba(0,0.5,0,1)	
12	10000001	15000000	1.3	rgba(0,0,1,1)	
12	35000001	40000000	11.4	rgba(0,0,1,1)	
12	15000001	20000000	65.6	rgba(0,0.5,0,1)	
12	5000001	10000000	11.4	rgba(0,0,1,1)	
12	20000001	25000000	33.8	rgba(0,0.5,0,1)	
12	25000001	30000000	62.6	rgba(0,0.5,0,1)	
12	30000001	35000000	19.1	rgba(0,0,1,1)	
12	40000001	45000000	66.9	rgba(0,0.5,0,1)	
12	45000001	50000000	57.3	rgba(0,0.5,0,1)	
12	50000001	55000000	96.1	rgba(1,0,0,1)	96.1
12	60000001	65000000	41.2	rgba(0,0.5,0,1)	
12	55000001	60000000	75.2	rgba(0,0.5,0,1)	
12	65000001	70000000	11.2	rgba(0,0,1,1)	
12	75000001	80000000	41.8	rgba(0,0.5,0,1)	
12	70000001	75000000	27.6	rgba(0,0.5,0,1)	
13	1	5000000	23.0	rgba(0,0.5,0,1)	
13	5000001	10000000	32.8	rgba(0,0.5,0,1)	
13	10000001	15000000	25.6	rgba(0,0.5,0,1)	
12	80000001	85000000	60.3	rgba(0,0.5,0,1)	
12	85000001	90000000	19.3	rgba(0,0,1,1)	
12	90000001	95000000	0.2	rgba(0,0,1,1)	
13	15000001	20000000	4.2	rgba(0,0,1,1)	
12	95000001	100000000	78.6	rgba(0,0.5,0,1)	
12	100000001	105000000	43.5	rgba(0,0.5,0,1)	
12	105000001	110000000	72.2	rgba(0,0.5,0,1)	
12	110000001	115000000	3.1	rgba(0,0,1,1)	
12	120000001	125000000	4.9	rgba(0,0,1,1)	
12	130000001	133851895	47.9	rgba(0,0.5,0,1)	
12	115000001	120000000	53.1	rgba(0,0.5,0,1)	
12	125000001	130000000	60.8	rgba(0,0.5,0,1)	
13	40000001	45000000	67.5	rgba(0,0.5,0,1)	
13	20000001	25000000	13.2	rgba(0,0,1,1)	
13	25000001	30000000	18.6	rgba(0,0,1,1)	
13	35000001	40000000	28.1	rgba(0,0.5,0,1)	
13	30000001	35000000	1.6	rgba(0,0,1,1)	
13	50000001	55000000	41.7	rgba(0,0.5,0,1)	
13	45000001	50000000	41.3	rgba(0,0.5,0,1)	
13	55000001	60000000	23.0	rgba(0,0.5,0,1)	
13	65000001	70000000	51.9	rgba(0,0.5,0,1)	
13	60000001	65000000	28.3	rgba(0,0.5,0,1)	
14	1	5000000	9.6	rgba(0,0,1,1)	
14	5000001	10000000	19.8	rgba(0,0,1,1)	
13	115000001	115169878	70.5	rgba(0,0.5,0,1)	
14	10000001	15000000	68.7	rgba(0,0.5,0,1)	
13	70000001	75000000	62.0	rgba(0,0.5,0,1)	
13	75000001	80000000	41.5	rgba(0,0.5,0,1)	
14	15000001	20000000	12.6	rgba(0,0,1,1)	
13	80000001	85000000	1.6	rgba(0,0,1,1)	
13	85000001	90000000	40.6	rgba(0,0.5,0,1)	
13	90000001	95000000	36.4	rgba(0,0.5,0,1)	
13	95000001	100000000	24.7	rgba(0,0.5,0,1)	
13	100000001	105000000	19.3	rgba(0,0,1,1)	
13	105000001	110000000	38.2	rgba(0,0.5,0,1)	
13	110000001	115000000	71.0	rgba(0,0.5,0,1)	
14	20000001	25000000	77.6	rgba(0,0.5,0,1)	
14	25000001	30000000	36.8	rgba(0,0.5,0,1)	
14	30000001	35000000	9.3	rgba(0,0,1,1)	
14	35000001	40000000	37.3	rgba(0,0.5,0,1)	
14	40000001	45000000	75.3	rgba(0,0.5,0,1)	
14	45000001	50000000	22.3	rgba(0,0.5,0,1)	
14	55000001	60000000	43.2	rgba(0,0.5,0,1)	
15	1	5000000	66.2	rgba(0,0.5,0,1)	
15	5000001	10000000	51.0	rgba(0,0.5,0,1)	
14	50000001	55000000	23.7	rgba(0,0.5,0,1)	
15	10000001	15000000	78.2	rgba(0,0.5,0,1)	
15	15000001	20000000	30.2	rgba(0,0.5,0,1)	
14	65000001	70000000	1.9	rgba(0,0,1,1)	
14	75000001	80000000	1.1	rgba(0,0,1,1)	
14	60000001	65000000	40.0	rgba(0,0.5,0,1)	
14	70000001	75000000	55.9	rgba(0,0.5,0,1)	
14	105000001	107349540	58.9	rgba(0,0.5,0,1)	
14	90000001	95000000	0.5	rgba(0,0,1,1)	
14	85000001	90000000	15.2	rgba(0,0,1,1)	
14	80000001	85000000	75.0	rgba(0,0.5,0,1)	
14	95000001	100000000	9.5	rgba(0,0,1,1)	
14	100000001	105000000	31.0	rgba(0,0.5,0,1)	
15	25000001	30000000	67.1	rgba(0,0.5,0,1)	
15	30000001	35000000	19.0	rgba(0,0,1,1)	
15	40000001	45000000	78.1	rgba(0,0.5,0,1)	
15	35000001	40000000	73.8	rgba(0,0.5,0,1)	
15	20000001	25000000	37.6	rgba(0,0.5,0,1)	
15	45000001	50000000	22.5	rgba(0,0.5,0,1)	
15	50000001	55000000	34.4	rgba(0,0.5,0,1)	
15	55000001	60000000	74.6	rgba(0,0.5,0,1)	
15	60000001	65000000	50.5	rgba(0,0.5,0,1)	
15	65000001	70000000	59.4	rgba(0,0.5,0,1)	
15	70000001	75000000	12.1	rgba(0,0,1,1)	
15	100000001	102531392	11.9	rgba(0,0,1,1)	
15	75000001	80000000	73.8	rgba(0,0.5,0,1)	
15	80000001	85000000	54.8	rgba(0,0.5,0,1)	
15	85000001	90000000	53.4	rgba(0,0.5,0,1)	
16	35000001	40000000	7.8	rgba(0,0,1,1)	
16	40000001	45000000	8.9	rgba(0,0,1,1)	
15	90000001	95000000	65.0	rgba(0,0.5,0,1)	
15	95000001	100000000	21.4	rgba(0,0.5,0,1)	
16	1	5000000	2.5	rgba(0,0,1,1)	
16	5000001	10000000	59.3	rgba(0,0.5,0,1)	
16	10000001	15000000	68.0	rgba(0,0.5,0,1)	
16	15000001	20000000	18.1	rgba(0,0,1,1)	
16	20000001	25000000	52.8	rgba(0,0.5,0,1)	
16	90000001	90354753	1.3	rgba(0,0,1,1)	
16	25000001	30000000	19.8	rgba(0,0,1,1)	
16	50000001	55000000	49.9	rgba(0,0.5,0,1)	
16	60000001	65000000	31.4	rgba(0,0.5,0,1)	
16	55000001	60000000	2.2	rgba(0,0,1,1)	
16	65000001	70000000	75.0	rgba(0,0.5,0,1)	
16	70000001	75000000	1.2	rgba(0,0,1,1)	
16	75000001	80000000	69.2	rgba(0,0.5,0,1)	
16	80000001	85000000	63.5	rgba(0,0.5,0,1)	
16	85000001	90000000	23.7	rgba(0,0.5,0,1)	
17	1	5000000	45.4	rgba(0,0.5,0,1)	
17	5000001	10000000	62.7	rgba(0,0.5,0,1)	
16	30000001	35000000	78.1	rgba(0,0.5,0,1)	
17	10000001	15000000	57.8	rgba(0,0.5,0,1)	
17	15000001	20000000	67.4	rgba(0,0.5,0,1)	
17	20000001	25000000	42.2	rgba(0,0.5,0,1)	
17	30000001	35000000	39.4	rgba(0,0.5,0,1)	
17	25000001	30000000	34.0	rgba(0,0.5,0,1)	
17	35000001	40000000	14.0	rgba(0,0,1,1)	
17	40000001	45000000	31.8	rgba(0,0.5,0,1)	
17	80000001	81195210	37.4	rgba(0,0.5,0,1)	
17	50000001	55000000	42.3	rgba(0,0.5,0,1)	
17	45000001	50000000	3.0	rgba(0,0,1,1)	
17	55000001	60000000	54.0	rgba(0,0.5,0,1)	
17	60000001	65000000	24.5	rgba(0,0.5,0,1)	
17	75000001	80000000	28.7	rgba(0,0.5,0,1)	
17	65000001	70000000	62.5	rgba(0,0.5,0,1)	
16	45000001	50000000	43.1	rgba(0,0.5,0,1)	
17	70000001	75000000	51.8	rgba(0,0.5,0,1)	
18	5000001	10000000	51.8	rgba(0,0.5,0,1)	
18	20000001	25000000	29.2	rgba(0,0.5,0,1)	
18	30000001	35000000	0.5	rgba(0,0,1,1)	
18	10000001	15000000	19.3	rgba(0,0,1,1)	
18	1	5000000	75.9	rgba(0,0.5,0,1)	
18	15000001	20000000	38.3	rgba(0,0.5,0,1)	
18	25000001	30000000	29.4	rgba(0,0.5,0,1)	
18	35000001	40000000	17.4	rgba(0,0,1,1)	
18	40000001	45000000	70.8	rgba(0,0.5,0,1)	
18	75000001	78077248	40.3	rgba(0,0.5,0,1)	
18	45000001	50000000	25.5	rgba(0,0.5,0,1)	
18	50000001	55000000	11.0	rgba(0,0,1,1)	
18	55000001	60000000	55.6	rgba(0,0.5,0,1)	
18	60000001	65000000	83.6	rgba(1,0,0,1)	83.6
19	5000001	10000000	77.9	rgba(0,0.5,0,1)	
18	70000001	75000000	79.6	rgba(0,0.5,0,1)	
18	65000001	70000000	36.1	rgba(0,0.5,0,1)	
19	1	5000000	57.0	rgba(0,0.5,0,1)	
19	10000001	15000000	26.4	rgba(0,0.5,0,1)	
19	15000001	20000000	50.2	rgba(0,0.5,0,1)	
19	25000001	30000000	34.1	rgba(0,0.5,0,1)	
19	30000001	35000000	99.5	rgba(1,0,0,1)	99.5
19	20000001	25000000	50.8	rgba(0,0.5,0,1)	
19	40000001	45000000	66.5	rgba(0,0.5,0,1)	
19	35000001	40000000	34.3	rgba(0,0.5,0,1)	
19	55000001	59128983	16.8	rgba(0,0,1,1)	
19	50000001	55000000	64.7	rgba(0,0.5,0,1)	
20	10000001	15000000	73.8	rgba(0,0.5,0,1)	
19	45000001	50000000	55.8	rgba(0,0.5,0,1)	
20	1	5000000	29.0	rgba(0,0.5,0,1)	
20	5000001	10000000	44.1	rgba(0,0.5,0,1)	
21	1	5000000	74.0	rgba(0,0.5,0,1)	
20	15000001	20000000	28.3	rgba(0,0.5,0,1)	
20	60000001	63025520	78.9	rgba(0,0.5,0,1)	
21	5000001	10000000	61.2	rgba(0,0.5,0,1)	
20	25000001	30000000	3.4	rgba(0,0,1,1)	
20	20000001	25000000	49.1	rgba(0,0.5,0,1)	
20	35000001	40000000	29.8	rgba(0,0.5,0,1)	
20	30000001	35000000	40.0	rgba(0,0.5,0,1)	
20	45000001	50000000	40.6	rgba(0,0.5,0,1)	
22	1	5000000	16.9	rgba(0,0,1,1)	
22	5000001	10000000	21.4	rgba(0,0.5,0,1)	
22	10000001	15000000	77.1	rgba(0,0.5,0,1)	
20	50000001	55000000	54.0	rgba(0,0.5,0,1)	
20	55000001	60000000	30.3	rgba(0,0.5,0,1)	
20	40000001	45000000	43.7	rgba(0,0.5,0,1)	
21	45000001	48129895	19.3	rgba(0,0,1,1)	
21	15000001	20000000	54.0	rgba(0,0.5,0,1)	
21	40000001	45000000	18.1	rgba(0,0,1,1)	
21	25000001	30000000	90.6	rgba(1,0,0,1)	90.6
21	20000001	25000000	26.5	rgba(0,0.5,0,1)	
21	30000001	35000000	13.7	rgba(0,0,1,1)	
21	35000001	40000000	35.8	rgba(0,0.5,0,1)	
21	10000001	15000000	73.3	rgba(0,0.5,0,1)	
22	50000001	51304566	18.1	rgba(0,0,1,1)	
22	30000001	35000000	34.5	rgba(0,0.5,0,1)	
22	15000001	20000000	68.6	rgba(0,0.5,0,1)	
22	20000001	25000000	49.4	rgba(0,0.5,0,1)	
22	25000001	30000000	70.3	rgba(0,0.5,0,1)	
X	1	5000000	13.3	rgba(0,0,1,1)	
X	5000001	10000000	16.2	rgba(0,0,1,1)	
X	10000001	15000000	40.2	rgba(0,0.5,0,1)	
X	15000001	20000000	44.4	rgba(0,0.5,0,1)	
22	40000001	45000000	80.8	rgba(1,0,0,1)	80.8
22	35000001	40000000	42.0	rgba(0,0.5,0,1)	
22	45000001	50000000	44.2	rgba(0,0.5,0,1)	
X	20000001	25000000	8.3	rgba(0,0,1,1)	
X	30000001	35000000	9.7	rgba(0,0,1,1)	
X	25000001	30000000	68.0	rgba(0,0.5,0,1)	
X	35000001	40000000	42.9	rgba(0,0.5,0,1)	
X	40000001	45000000	62.3	rgba(0,0.5,0,1)	
X	45000001	50000000	1.3	rgba(0,0,1,1)	
X	50000001	55000000	58.9	rgba(0,0.5,0,1)	
X	70000001	75000000	61.7	rgba(0,0.5,0,1)	
X	75000001	80000000	67.6	rgba(0,0.5,0,1)	
X	80000001	85000000	20.3	rgba(0,0.5,0,1)	
X	55000001	60000000	63.7	rgba(0,0.5,0,1)	
X	90000001	95000000	72.1	rgba(0,0.5,0,1)	
X	65000001	70000000	71.1	rgba(0,0.5,0,1)	
X	100000001	105000000	62.5	rgba(0,0.5,0,1)	
X	85000001	90000000	56.7	rgba(0,0.5,0,1)	
X	95000001	100000000	70.4	rgba(0,0.5,0,1)	
X	60000001	65000000	4.7	rgba(0,0,1,1)	
X	155000001	155270560	65.1	rgba(0,0.5,0,1)	
X	105000001	110000000	50.8	rgba(0,0.5,0,1)	
X	110000001	115000000	62.8	rgba(0,0.5,0,1)	
X	115000001	120000000	28.5	rgba(0,0.5,0,1)	
X	120000001	125000000	17.0	rgba(0,0,1,1)	
X	125000001	130000000	29.8	rgba(0,0.5,0,1)	
X	140000001	145000000	17.1	rgba(0,0,1,1)	
Y	30000001	35000000	18.1	rgba(0,0,1,1)	
X	145000001	150000000	51.9	rgba(0,0.5,0,1)	
Y	35000001	40000000	38.6	rgba(0,0.5,0,1)	
Y	40000001	45000000	65.7	rgba(0,0.5,0,1)	
Y	45000001	50000000	12.6	rgba(0,0,1,1)	
Y	50000001	55000000	32.3	rgba(0,0.5,0,1)	
X	130000001	135000000	36.3	rgba(0,0.5,0,1)	
X	150000001	155000000	35.7	rgba(0,0.5,0,1)	
X	135000001	140000000	34.0	rgba(0,0.5,0,1)	
Y	1	5000000	35.7	rgba(0,0.5,0,1)	
Y	5000001	10000000	30.7	rgba(0,0.5,0,1)	
Y	15000001	20000000	52.2	rgba(0,0.5,0,1)	
Y	25000001	30000000	64.8	rgba(0,0.5,0,1)	
Y	20000001	25000000	18.3	rgba(0,0,1,1)	
Y	10000001	15000000	38.5	rgba(0,0.5,0,1)	
Y	55000001	59373566	74.5	rgba(0,0.5,0,1)	
